Season Type
Per Mode
Stat Category
Advanced Filters
Totals
Recent Filters Glossary Share
492 Rows | Page
of 10
# 	
Player 	GP 	MIN 	PTS 	FGM 	FGA 	FG% 	3PM 	3PA 	3P% 	FTM 	FTA 	FT% 	OREB 	DREB 	REB 	AST 	STL 	BLK 	TOV 	PF 	EFF 	AST/TOV 	STL/TOV
1 	
Bradley Beal
	33 	1178 	1074 	374 	786 	47.6 	75 	229 	32.8 	251 	277 	90.6 	43 	134 	177 	156 	47 	15 	105 	83 	926 	1.49 	0.45
2 	
Stephen Curry
	35 	1194 	1039 	343 	718 	47.8 	169 	411 	41.1 	184 	197 	93.4 	17 	174 	191 	221 	46 	2 	111 	64 	1000 	1.99 	0.41
3 	
Giannis Antetokounmpo
	35 	1189 	1015 	368 	661 	55.7 	39 	137 	28.5 	240 	363 	66.1 	64 	344 	408 	205 	44 	49 	128 	106 	1177 	1.60 	0.34
4 	
Damian Lillard
	34 	1224 	1013 	315 	708 	44.5 	146 	380 	38.4 	237 	254 	93.3 	15 	130 	145 	271 	35 	9 	111 	53 	952 	2.44 	0.32
5 	
Nikola Jokic
	36 	1293 	977 	379 	668 	56.7 	56 	134 	41.8 	163 	185 	88.1 	101 	296 	397 	309 	58 	23 	114 	107 	1339 	2.71 	0.51
6 	
Zach LaVine
	34 	1209 	976 	350 	667 	52.5 	120 	276 	43.5 	156 	182 	85.7 	25 	152 	177 	173 	37 	14 	133 	90 	901 	1.30 	0.28
7 	
Luka Doncic
	33 	1164 	938 	328 	688 	47.7 	87 	248 	35.1 	195 	258 	75.6 	28 	253 	281 	299 	32 	22 	139 	68 	1010 	2.15 	0.23
8 	
LeBron James
	36 	1245 	930 	350 	687 	50.9 	86 	240 	35.8 	144 	208 	69.2 	21 	268 	289 	280 	41 	22 	135 	56 	1026 	2.07 	0.30
9 	
Joel Embiid
	30 	990 	905 	285 	547 	52.1 	37 	89 	41.6 	298 	348 	85.6 	65 	283 	348 	98 	37 	41 	96 	75 	1021 	1.02 	0.39
10 	
Trae Young
	34 	1182 	897 	262 	610 	43.0 	85 	225 	37.8 	288 	328 	87.8 	25 	117 	142 	321 	30 	8 	149 	70 	861 	2.15 	0.20
11 	
Nikola Vucevic
	36 	1220 	886 	355 	735 	48.3 	96 	233 	41.2 	80 	94 	85.1 	69 	348 	417 	134 	36 	23 	60 	62 	1042 	2.23 	0.60
12 	
Zion Williamson
	34 	1126 	870 	335 	546 	61.4 	6 	19 	31.6 	194 	279 	69.5 	93 	152 	245 	117 	32 	24 	88 	82 	904 	1.33 	0.36
13 	
Brandon Ingram
	36 	1255 	861 	306 	648 	47.2 	85 	224 	37.9 	164 	185 	88.6 	22 	163 	185 	172 	25 	28 	84 	71 	824 	2.05 	0.30
14 	
Julius Randle
	37 	1358 	860 	307 	636 	48.3 	69 	169 	40.8 	177 	220 	80.5 	52 	357 	409 	205 	29 	9 	120 	115 	1020 	1.71 	0.24
15 	
Donovan Mitchell
	34 	1154 	839 	288 	684 	42.1 	113 	296 	38.2 	150 	182 	82.4 	37 	122 	159 	183 	33 	10 	101 	77 	695 	1.81 	0.33
16 	
Jaylen Brown
	33 	1115 	815 	305 	616 	49.5 	76 	196 	38.8 	129 	167 	77.2 	37 	147 	184 	129 	36 	16 	93 	96 	738 	1.39 	0.39
17 	
De'Aaron Fox
	35 	1198 	806 	293 	629 	46.6 	64 	187 	34.2 	156 	232 	67.2 	23 	90 	113 	265 	43 	17 	115 	102 	717 	2.30 	0.37
18 	
Kawhi Leonard
	30 	1039 	799 	287 	562 	51.1 	60 	155 	38.7 	165 	189 	87.3 	28 	160 	188 	146 	45 	16 	58 	48 	837 	2.52 	0.78
19 	
James Harden
	31 	1173 	784 	250 	517 	48.4 	101 	252 	40.1 	183 	213 	85.9 	26 	216 	242 	345 	36 	21 	131 	67 	1000 	2.63 	0.28
20 	
Jayson Tatum
	31 	1110 	773 	279 	638 	43.7 	81 	220 	36.8 	134 	156 	85.9 	18 	201 	219 	138 	42 	15 	79 	60 	727 	1.75 	0.53
20 	
Jerami Grant
	33 	1194 	773 	254 	586 	43.3 	81 	223 	36.3 	184 	207 	88.9 	24 	152 	176 	96 	25 	36 	62 	90 	689 	1.55 	0.40
22 	
Devin Booker
	31 	1050 	772 	284 	573 	49.6 	63 	174 	36.2 	141 	168 	83.9 	6 	107 	113 	137 	28 	8 	103 	93 	639 	1.33 	0.27
23 	
Collin Sexton
	31 	1127 	747 	274 	563 	48.7 	52 	130 	40.0 	147 	183 	80.3 	21 	60 	81 	138 	36 	4 	91 	88 	590 	1.52 	0.40
24 	
Khris Middleton
	36 	1203 	741 	272 	549 	49.5 	83 	192 	43.2 	114 	129 	88.4 	31 	190 	221 	206 	40 	6 	94 	92 	828 	2.19 	0.43
25 	
Jamal Murray
	34 	1204 	740 	273 	561 	48.7 	90 	226 	39.8 	104 	123 	84.6 	24 	118 	142 	156 	39 	11 	78 	73 	703 	2.00 	0.50
26 	
Domantas Sabonis
	35 	1278 	727 	274 	522 	52.5 	32 	96 	33.3 	147 	206 	71.4 	91 	298 	389 	211 	36 	21 	119 	120 	958 	1.77 	0.30
27 	
Malcolm Brogdon
	34 	1211 	721 	276 	617 	44.7 	82 	217 	37.8 	87 	97 	89.7 	27 	131 	158 	212 	40 	8 	71 	64 	717 	2.99 	0.56
28 	
Kyrie Irving
	26 	924 	708 	269 	527 	51.0 	76 	185 	41.1 	94 	106 	88.7 	31 	93 	124 	155 	28 	16 	59 	74 	702 	2.63 	0.48
29 	
Shai Gilgeous-Alexander
	30 	1020 	697 	239 	468 	51.1 	61 	148 	41.2 	158 	199 	79.4 	17 	136 	153 	187 	23 	20 	87 	60 	723 	2.15 	0.26
30 	
Fred VanVleet
	34 	1249 	684 	226 	565 	40.0 	114 	298 	38.3 	118 	132 	89.4 	23 	128 	151 	224 	58 	27 	69 	83 	722 	3.25 	0.84
31 	
Malik Beasley
	33 	1093 	677 	250 	550 	45.5 	116 	286 	40.6 	61 	72 	84.7 	27 	126 	153 	81 	27 	6 	54 	54 	579 	1.50 	0.50
32 	
Terry Rozier
	33 	1106 	676 	245 	500 	49.0 	111 	253 	43.9 	75 	91 	82.4 	18 	109 	127 	106 	46 	12 	68 	65 	628 	1.56 	0.68
33 	
Gordon Hayward
	31 	1080 	668 	245 	503 	48.7 	64 	158 	40.5 	114 	133 	85.7 	27 	140 	167 	121 	41 	12 	62 	55 	670 	1.95 	0.66
34 	
John Collins
	36 	1104 	647 	252 	470 	53.6 	50 	129 	38.8 	93 	109 	85.3 	76 	198 	274 	52 	16 	35 	48 	118 	742 	1.08 	0.33
35 	
Jordan Clarkson
	36 	937 	646 	237 	530 	44.7 	114 	308 	37.0 	58 	60 	96.7 	31 	113 	144 	82 	34 	7 	62 	54 	556 	1.32 	0.55
36 	
Paul George
	27 	904 	640 	225 	451 	49.9 	95 	211 	45.0 	95 	107 	88.8 	24 	141 	165 	146 	30 	14 	91 	63 	666 	1.60 	0.33
37 	
Bam Adebayo
	33 	1119 	634 	236 	419 	56.3 	2 	6 	33.3 	160 	189 	84.7 	72 	241 	313 	179 	29 	34 	98 	80 	879 	1.83 	0.30
38 	
Andrew Wiggins
	37 	1193 	629 	241 	521 	46.3 	65 	185 	35.1 	82 	122 	67.2 	38 	127 	165 	81 	30 	40 	69 	85 	556 	1.17 	0.44
39 	
Tobias Harris
	31 	1066 	627 	241 	470 	51.3 	51 	127 	40.2 	94 	106 	88.7 	37 	199 	236 	104 	25 	26 	58 	64 	719 	1.79 	0.43
40 	
Norman Powell
	34 	1006 	626 	211 	432 	48.8 	88 	201 	43.8 	116 	129 	89.9 	15 	87 	102 	59 	40 	5 	59 	73 	539 	1.00 	0.68
41 	
RJ Barrett
	37 	1227 	612 	233 	526 	44.3 	43 	123 	35.0 	103 	141 	73.0 	45 	176 	221 	109 	24 	8 	70 	96 	573 	1.56 	0.34
42 	
DeMar DeRozan
	30 	1018 	609 	206 	420 	49.0 	17 	53 	32.1 	180 	204 	88.2 	22 	120 	142 	220 	29 	8 	50 	59 	720 	4.40 	0.58
43 	
Pascal Siakam
	30 	1075 	602 	222 	490 	45.3 	36 	122 	29.5 	122 	149 	81.9 	58 	166 	224 	143 	35 	21 	65 	93 	665 	2.20 	0.54
44 	
Buddy Hield
	36 	1253 	590 	198 	507 	39.1 	140 	370 	37.8 	54 	64 	84.4 	12 	150 	162 	114 	29 	11 	64 	96 	523 	1.78 	0.45
45 	
Russell Westbrook
	28 	958 	567 	221 	512 	43.2 	30 	105 	28.6 	95 	164 	57.9 	46 	222 	268 	275 	34 	9 	134 	82 	659 	2.05 	0.25
46 	
Bojan Bogdanovic
	36 	1102 	566 	188 	435 	43.2 	98 	242 	40.5 	92 	108 	85.2 	18 	122 	140 	70 	18 	2 	51 	59 	482 	1.37 	0.35
47 	
LaMelo Ball
	35 	1010 	553 	201 	448 	44.9 	70 	185 	37.8 	81 	101 	80.2 	51 	160 	211 	221 	57 	13 	99 	95 	689 	2.23 	0.58
48 	
Coby White
	34 	1130 	552 	201 	479 	42.0 	81 	229 	35.4 	69 	77 	89.6 	17 	155 	172 	171 	12 	5 	80 	86 	546 	2.14 	0.15
48 	
Harrison Barnes
	33 	1179 	552 	184 	374 	49.2 	56 	143 	39.2 	128 	155 	82.6 	33 	167 	200 	118 	26 	6 	47 	43 	638 	2.51 	0.55
50 	
Kevin Durant
	19 	680 	551 	188 	359 	52.4 	49 	113 	43.4 	126 	145 	86.9 	7 	132 	139 	100 	14 	27 	67 	43 	574 	1.49 	0.21
50 	
Tim Hardaway Jr.
	34 	999 	551 	193 	445 	43.4 	98 	258 	38.0 	67 	83 	80.7 	12 	95 	107 	59 	21 	6 	31 	51 	445 	1.90 	0.68
52 	
Joe Harris
	37 	1144 	549 	201 	379 	53.0 	126 	249 	50.6 	21 	30 	70.0 	19 	112 	131 	65 	20 	7 	29 	82 	556 	2.24 	0.69
53 	
Terrence Ross
	35 	1032 	544 	195 	476 	41.0 	73 	212 	34.4 	81 	90 	90.0 	12 	110 	122 	78 	39 	17 	58 	64 	452 	1.35 	0.67
54 	
Chris Paul
	34 	1080 	543 	204 	420 	48.6 	52 	133 	39.1 	83 	87 	95.4 	16 	144 	160 	300 	40 	10 	81 	84 	752 	3.70 	0.49
55 	
Kelly Oubre Jr.
	35 	1062 	541 	202 	463 	43.6 	60 	187 	32.1 	77 	104 	74.0 	51 	157 	208 	49 	39 	27 	45 	77 	531 	1.09 	0.87
56 	
Anthony Edwards
	36 	1048 	536 	199 	537 	37.1 	68 	225 	30.2 	70 	87 	80.5 	26 	118 	144 	90 	31 	15 	66 	55 	395 	1.36 	0.47
57 	
John Wall
	25 	793 	526 	188 	443 	42.4 	51 	150 	34.0 	99 	133 	74.4 	11 	70 	81 	151 	22 	18 	83 	29 	426 	1.82 	0.27
58 	
Kyle Lowry
	29 	1002 	522 	174 	381 	45.7 	83 	206 	40.3 	91 	106 	85.8 	24 	136 	160 	204 	34 	6 	82 	94 	622 	2.49 	0.42
59 	
Anthony Davis
	23 	755 	518 	204 	383 	53.3 	17 	58 	29.3 	93 	130 	71.5 	47 	146 	193 	70 	31 	41 	45 	42 	592 	1.56 	0.69
60 	
Dejounte Murray
	33 	1027 	515 	212 	469 	45.2 	35 	108 	32.4 	56 	69 	81.2 	20 	210 	230 	175 	53 	3 	53 	68 	653 	3.30 	1.00
61 	
Montrezl Harrell
	37 	891 	511 	209 	334 	62.6 	0 	6 	0.0 	93 	123 	75.6 	89 	149 	238 	39 	24 	27 	41 	77 	643 	0.95 	0.59
62 	
Rudy Gobert
	36 	1105 	510 	196 	306 	64.1 	0 	1 	0.0 	118 	197 	59.9 	120 	352 	472 	48 	17 	98 	64 	82 	892 	0.75 	0.27
63 	
Deandre Ayton
	35 	1088 	506 	218 	367 	59.4 	4 	17 	23.5 	66 	88 	75.0 	118 	282 	400 	59 	11 	38 	61 	110 	782 	0.97 	0.18
64 	
Gary Trent Jr.
	33 	1030 	502 	183 	433 	42.3 	101 	249 	40.6 	35 	45 	77.8 	19 	52 	71 	49 	25 	5 	24 	53 	368 	2.04 	1.04
65 	
Ben Simmons
	31 	1051 	498 	192 	332 	57.8 	2 	7 	28.6 	112 	167 	67.1 	54 	191 	245 	236 	49 	22 	104 	96 	751 	2.27 	0.47
66 	
Ja Morant
	25 	771 	496 	179 	393 	45.5 	21 	92 	22.8 	117 	150 	78.0 	20 	65 	85 	194 	25 	4 	71 	39 	486 	2.73 	0.35
67 	
Dennis Schroder
	33 	1030 	492 	173 	393 	44.0 	33 	104 	31.7 	113 	136 	83.1 	18 	97 	115 	148 	30 	8 	77 	88 	473 	1.92 	0.39
68 	
Chris Boucher
	36 	851 	490 	172 	322 	53.4 	61 	137 	44.5 	85 	112 	75.9 	67 	167 	234 	36 	20 	69 	26 	98 	646 	1.39 	0.77
69 	
Lonzo Ball
	33 	1048 	480 	175 	409 	42.8 	99 	256 	38.7 	31 	40 	77.5 	20 	117 	137 	168 	43 	18 	66 	71 	537 	2.55 	0.65
70 	
Mikal Bridges
	35 	1131 	479 	172 	328 	52.4 	66 	157 	42.0 	69 	82 	84.1 	47 	130 	177 	77 	25 	33 	27 	56 	595 	2.85 	0.93
70 	
Victor Oladipo
	24 	785 	479 	174 	436 	39.9 	60 	181 	33.1 	71 	95 	74.7 	8 	117 	125 	109 	36 	11 	53 	56 	421 	2.06 	0.68
72 	
Marvin Bagley III
	34 	888 	478 	195 	390 	50.0 	34 	92 	37.0 	54 	102 	52.9 	83 	175 	258 	33 	18 	16 	47 	82 	513 	0.70 	0.38
73 	
Carmelo Anthony
	34 	871 	472 	166 	402 	41.3 	60 	155 	38.7 	80 	95 	84.2 	19 	94 	113 	50 	31 	27 	35 	72 	407 	1.43 	0.89
74 	
Clint Capela
	32 	949 	471 	208 	353 	58.9 	0 	0 	0.0 	55 	100 	55.0 	159 	294 	453 	29 	24 	71 	46 	73 	812 	0.63 	0.52
74 	
Dillon Brooks
	30 	871 	471 	180 	451 	39.9 	55 	171 	32.2 	56 	68 	82.4 	28 	65 	93 	78 	42 	14 	64 	99 	351 	1.22 	0.66
74 	
Jarrett Allen
	35 	977 	471 	172 	257 	66.9 	4 	8 	50.0 	123 	166 	74.1 	111 	235 	346 	60 	16 	59 	54 	55 	770 	1.11 	0.30
77 	
Mike Conley
	29 	853 	466 	161 	363 	44.4 	81 	192 	42.2 	63 	76 	82.9 	28 	73 	101 	164 	42 	3 	54 	56 	507 	3.04 	0.78
78 	
Eric Gordon
	26 	763 	464 	153 	350 	43.7 	66 	201 	32.8 	92 	110 	83.6 	7 	49 	56 	70 	14 	13 	50 	41 	352 	1.40 	0.28
79 	
Duncan Robinson
	36 	1203 	461 	151 	352 	42.9 	117 	299 	39.1 	42 	50 	84.0 	2 	140 	142 	58 	17 	8 	48 	90 	429 	1.21 	0.35
80 	
Jimmy Butler
	22 	729 	452 	143 	315 	45.4 	8 	34 	23.5 	158 	183 	86.3 	44 	122 	166 	172 	42 	8 	51 	26 	592 	3.37 	0.82
81 	
Darius Garland
	28 	922 	451 	179 	407 	44.0 	48 	125 	38.4 	45 	53 	84.9 	13 	49 	62 	164 	33 	3 	82 	62 	395 	2.00 	0.40
82 	
Jonas Valanciunas
	28 	766 	449 	183 	338 	54.1 	10 	30 	33.3 	73 	97 	75.3 	102 	224 	326 	50 	16 	21 	58 	86 	625 	0.86 	0.28
83 	
Doug McDermott
	34 	882 	448 	174 	344 	50.6 	55 	151 	36.4 	45 	55 	81.8 	34 	101 	135 	45 	11 	3 	33 	59 	429 	1.36 	0.33
84 	
Myles Turner
	33 	1038 	444 	156 	322 	48.4 	48 	153 	31.4 	84 	108 	77.8 	45 	171 	216 	30 	34 	111 	45 	117 	600 	0.67 	0.76
85 	
Eric Bledsoe
	35 	1038 	440 	158 	363 	43.5 	69 	179 	38.5 	55 	81 	67.9 	16 	108 	124 	134 	28 	10 	56 	54 	449 	2.39 	0.50
85 	
Patty Mills
	33 	853 	440 	156 	346 	45.1 	91 	226 	40.3 	37 	41 	90.2 	11 	50 	61 	86 	21 	1 	36 	47 	379 	2.39 	0.58
87 	
Lou Williams
	35 	794 	438 	158 	374 	42.2 	39 	98 	39.8 	83 	96 	86.5 	14 	67 	81 	130 	30 	3 	57 	34 	396 	2.28 	0.53
88 	
Andre Drummond
	25 	722 	437 	180 	380 	47.4 	0 	8 	0.0 	77 	129 	59.7 	101 	236 	337 	64 	40 	29 	81 	69 	574 	0.79 	0.49
89 	
Kevin Huerter
	36 	1157 	435 	165 	387 	42.6 	77 	211 	36.5 	28 	34 	82.4 	26 	105 	131 	133 	46 	7 	47 	87 	477 	2.83 	0.98
90 	
Josh Jackson
	32 	797 	433 	154 	362 	42.5 	41 	141 	29.1 	84 	121 	69.4 	34 	107 	141 	60 	29 	28 	74 	94 	372 	0.81 	0.39
91 	
Luguentz Dort
	35 	1040 	432 	149 	384 	38.8 	68 	209 	32.5 	66 	88 	75.0 	24 	97 	121 	51 	31 	10 	52 	85 	336 	0.98 	0.60
92 	
Kristaps Porzingis
	21 	636 	431 	162 	339 	47.8 	46 	131 	35.1 	61 	73 	83.6 	41 	140 	181 	28 	8 	31 	26 	62 	464 	1.08 	0.31
93 	
Darius Bazley
	36 	1104 	427 	158 	403 	39.2 	54 	186 	29.0 	57 	81 	70.4 	22 	248 	270 	54 	18 	23 	63 	31 	460 	0.86 	0.29
94 	
Keldon Johnson
	30 	867 	421 	155 	328 	47.3 	30 	89 	33.7 	81 	103 	78.6 	47 	150 	197 	63 	22 	14 	42 	69 	480 	1.50 	0.52
95 	
Elfrid Payton
	33 	932 	418 	174 	393 	44.3 	15 	60 	25.0 	55 	74 	74.3 	42 	83 	125 	122 	23 	7 	62 	64 	395 	1.97 	0.37
96 	
Enes Kanter
	35 	919 	417 	177 	298 	59.4 	0 	0 	0.0 	63 	84 	75.0 	146 	269 	415 	40 	18 	26 	41 	94 	733 	0.98 	0.44
96 	
Richaun Holmes
	32 	942 	417 	179 	275 	65.1 	1 	6 	16.7 	58 	72 	80.6 	81 	185 	266 	55 	23 	48 	43 	127 	656 	1.28 	0.54
98 	
Kyle Anderson
	31 	852 	415 	151 	317 	47.6 	47 	125 	37.6 	66 	86 	76.7 	28 	160 	188 	108 	36 	21 	46 	54 	536 	2.35 	0.78
99 	
Kyle Kuzma
	36 	932 	413 	162 	365 	44.4 	65 	178 	36.5 	24 	38 	63.2 	75 	165 	240 	41 	14 	23 	54 	63 	460 	0.76 	0.26
100 	
Serge Ibaka
	37 	887 	411 	169 	333 	50.8 	37 	104 	35.6 	36 	44 	81.8 	62 	184 	246 	66 	9 	46 	42 	73 	564 	1.57 	0.21
101 	
Justin Holiday
	35 	1130 	408 	139 	303 	45.9 	89 	215 	41.4 	41 	50 	82.0 	22 	117 	139 	60 	43 	14 	28 	78 	463 	2.14 	1.54
102 	
Immanuel Quickley
	33 	619 	403 	123 	316 	38.9 	59 	155 	38.1 	98 	104 	94.2 	15 	62 	77 	79 	15 	9 	34 	64 	350 	2.32 	0.44
102 	
Naz Reid
	34 	699 	403 	158 	307 	51.5 	32 	94 	34.0 	55 	75 	73.3 	39 	123 	162 	44 	21 	41 	38 	104 	464 	1.16 	0.55
104 	
Jrue Holiday
	26 	805 	398 	159 	324 	49.1 	44 	121 	36.4 	36 	47 	76.6 	31 	82 	113 	133 	47 	14 	42 	45 	487 	3.17 	1.12
104 	
Kendrick Nunn
	28 	839 	398 	152 	330 	46.1 	58 	159 	36.5 	36 	39 	92.3 	14 	80 	94 	76 	32 	9 	50 	54 	378 	1.52 	0.64
106 	
Tyrese Haliburton
	30 	903 	397 	153 	310 	49.4 	71 	164 	43.3 	20 	24 	83.3 	29 	78 	107 	161 	42 	18 	46 	36 	518 	3.50 	0.91
107 	
Tyler Herro
	25 	818 	396 	151 	345 	43.8 	50 	144 	34.7 	44 	57 	77.2 	11 	132 	143 	90 	15 	10 	61 	40 	386 	1.48 	0.25
108 	
Bobby Portis
	36 	776 	393 	166 	304 	54.6 	38 	76 	50.0 	23 	33 	69.7 	67 	188 	255 	37 	30 	15 	28 	70 	554 	1.32 	1.07
109 	
Evan Fournier
	21 	613 	389 	127 	282 	45.0 	52 	140 	37.1 	83 	105 	79.0 	5 	60 	65 	79 	22 	7 	45 	42 	340 	1.76 	0.49
109 	
Jalen Brunson
	31 	768 	389 	142 	266 	53.4 	40 	99 	40.4 	65 	77 	84.4 	6 	101 	107 	104 	17 	0 	40 	46 	441 	2.60 	0.43
111 	
Brook Lopez
	36 	975 	387 	141 	302 	46.7 	55 	158 	34.8 	50 	61 	82.0 	49 	134 	183 	22 	19 	48 	32 	76 	455 	0.69 	0.59
111 	
Shake Milton
	28 	703 	387 	135 	306 	44.1 	31 	99 	31.3 	86 	97 	88.7 	17 	43 	60 	85 	18 	7 	43 	64 	332 	1.98 	0.42
113 	
P.J. Washington
	31 	910 	386 	137 	305 	44.9 	42 	109 	38.5 	70 	90 	77.8 	45 	151 	196 	90 	34 	36 	65 	83 	489 	1.39 	0.52
114 	
D'Angelo Russell
	20 	583 	385 	139 	326 	42.6 	59 	148 	39.9 	48 	64 	75.0 	9 	43 	52 	101 	22 	10 	54 	39 	313 	1.87 	0.41
115 	
Will Barton
	33 	985 	383 	148 	335 	44.2 	50 	129 	38.8 	37 	49 	75.5 	19 	116 	135 	102 	25 	14 	55 	54 	405 	1.86 	0.46
116 	
Cedi Osman
	35 	904 	381 	136 	365 	37.3 	70 	211 	33.2 	39 	49 	79.6 	24 	104 	128 	93 	30 	4 	37 	71 	360 	2.51 	0.81
116 	
Hamidou Diallo
	32 	761 	381 	143 	297 	48.1 	12 	41 	29.3 	83 	132 	62.9 	37 	128 	165 	77 	31 	12 	49 	83 	414 	1.57 	0.63
118 	
Michael Porter Jr.
	26 	744 	380 	142 	283 	50.2 	62 	149 	41.6 	34 	45 	75.6 	32 	151 	183 	23 	23 	28 	29 	60 	456 	0.79 	0.79
119 	
Christian Wood
	17 	530 	374 	149 	267 	55.8 	32 	76 	42.1 	44 	64 	68.8 	31 	143 	174 	22 	16 	26 	31 	32 	443 	0.71 	0.52
120 	
Monte Morris
	35 	948 	370 	142 	298 	47.7 	40 	111 	36.0 	46 	61 	75.4 	7 	69 	76 	118 	24 	10 	24 	33 	403 	4.92 	1.00
121 	
Donte DiVincenzo
	36 	960 	369 	140 	335 	41.8 	68 	177 	38.4 	21 	33 	63.6 	43 	126 	169 	107 	38 	8 	43 	53 	441 	2.49 	0.88
121 	
Joe Ingles
	32 	846 	369 	128 	245 	52.2 	79 	170 	46.5 	34 	38 	89.5 	13 	94 	107 	140 	15 	8 	50 	56 	468 	2.80 	0.30
121 	
Kemba Walker
	20 	600 	369 	123 	317 	38.8 	59 	161 	36.6 	64 	70 	91.4 	8 	64 	72 	91 	21 	7 	44 	27 	316 	2.07 	0.48
124 	
Dwayne Bacon
	36 	886 	363 	136 	329 	41.3 	34 	102 	33.3 	57 	69 	82.6 	12 	91 	103 	35 	23 	3 	26 	57 	296 	1.35 	0.89
125 	
Thaddeus Young
	30 	760 	362 	167 	274 	60.9 	5 	22 	22.7 	23 	46 	50.0 	71 	105 	176 	131 	42 	17 	56 	81 	542 	2.34 	0.75
126 	
Davis Bertans
	31 	803 	359 	105 	268 	39.2 	91 	236 	38.6 	58 	68 	85.3 	14 	82 	96 	28 	20 	7 	19 	80 	318 	1.47 	1.05
127 	
Cameron Johnson
	34 	823 	355 	125 	286 	43.7 	73 	193 	37.8 	32 	37 	86.5 	19 	96 	115 	46 	22 	10 	26 	48 	356 	1.77 	0.85
128 	
Mason Plumlee
	34 	953 	354 	145 	239 	60.7 	0 	6 	0.0 	64 	95 	67.4 	94 	217 	311 	130 	28 	29 	72 	120 	655 	1.81 	0.39
129 	
Karl-Anthony Towns
	16 	524 	352 	126 	255 	49.4 	30 	80 	37.5 	70 	77 	90.9 	48 	127 	175 	63 	14 	27 	51 	60 	444 	1.24 	0.28
129 	
Kelly Olynyk
	35 	927 	352 	132 	299 	44.1 	66 	201 	32.8 	22 	30 	73.3 	32 	173 	205 	75 	28 	19 	46 	98 	458 	1.63 	0.61
131 	
Lonnie Walker IV
	31 	837 	351 	132 	324 	40.7 	55 	152 	36.2 	32 	41 	78.0 	6 	81 	87 	54 	16 	13 	35 	66 	285 	1.54 	0.46
131 	
Miles Bridges
	35 	937 	351 	132 	269 	49.1 	46 	120 	38.3 	41 	44 	93.2 	45 	155 	200 	73 	25 	25 	60 	83 	474 	1.22 	0.42
133 	
Seth Curry
	28 	836 	350 	123 	262 	46.9 	56 	125 	44.8 	48 	52 	92.3 	5 	51 	56 	77 	25 	8 	41 	48 	332 	1.88 	0.61
134 	
Rui Hachimura
	28 	838 	348 	125 	277 	45.1 	22 	72 	30.6 	76 	99 	76.8 	29 	124 	153 	47 	19 	2 	28 	61 	366 	1.68 	0.68
135 	
CJ McCollum
	13 	440 	347 	123 	260 	47.3 	63 	143 	44.1 	38 	45 	84.4 	7 	44 	51 	65 	17 	4 	13 	28 	327 	5.00 	1.31
136 	
Marcus Morris Sr.
	28 	684 	345 	121 	275 	44.0 	65 	140 	46.4 	38 	42 	90.5 	20 	86 	106 	25 	15 	8 	25 	52 	316 	1.00 	0.60
137 	
Devonte' Graham
	25 	821 	343 	109 	310 	35.2 	70 	202 	34.7 	55 	71 	77.5 	14 	61 	75 	142 	25 	0 	35 	38 	333 	4.06 	0.71
138 	
Derrick Rose
	25 	588 	338 	126 	293 	43.0 	23 	61 	37.7 	63 	74 	85.1 	7 	48 	55 	112 	29 	10 	48 	29 	318 	2.33 	0.60
139 	
Al Horford
	24 	677 	337 	138 	312 	44.2 	47 	132 	35.6 	14 	18 	77.8 	23 	137 	160 	84 	21 	21 	27 	43 	418 	3.11 	0.78
140 	
Brandon Clarke
	28 	751 	336 	143 	276 	51.8 	15 	46 	32.6 	35 	53 	66.0 	46 	119 	165 	44 	33 	18 	16 	44 	429 	2.75 	2.06
140 	
Eric Paschall
	34 	599 	336 	131 	265 	49.4 	13 	45 	28.9 	61 	85 	71.8 	26 	86 	112 	43 	9 	4 	35 	57 	311 	1.23 	0.26
140 	
Patrick Williams
	33 	939 	336 	127 	268 	47.4 	30 	77 	39.0 	52 	66 	78.8 	30 	129 	159 	39 	24 	25 	49 	75 	379 	0.80 	0.49
140 	
Saddiq Bey
	34 	778 	336 	108 	264 	40.9 	72 	183 	39.3 	48 	56 	85.7 	18 	115 	133 	39 	21 	1 	23 	54 	343 	1.70 	0.91
144 	
Bryn Forbes
	36 	675 	335 	121 	259 	46.7 	73 	163 	44.8 	20 	27 	74.1 	7 	40 	47 	21 	8 	0 	19 	39 	247 	1.11 	0.42
144 	
Jae'Sean Tate
	34 	933 	335 	135 	252 	53.6 	22 	69 	31.9 	43 	57 	75.4 	64 	115 	179 	57 	32 	18 	40 	104 	450 	1.43 	0.80
146 	
Josh Richardson
	26 	820 	333 	118 	276 	42.8 	40 	137 	29.2 	57 	60 	95.0 	22 	62 	84 	67 	23 	7 	39 	71 	314 	1.72 	0.59
147 	
Mike Muscala
	34 	633 	331 	116 	263 	44.1 	67 	182 	36.8 	32 	35 	91.4 	19 	110 	129 	27 	8 	11 	21 	53 	335 	1.29 	0.38
148 	
Josh Hart
	36 	1032 	330 	114 	255 	44.7 	49 	147 	33.3 	53 	70 	75.7 	38 	226 	264 	74 	29 	9 	28 	87 	520 	2.64 	1.04
149 	
Goran Dragic
	22 	596 	325 	116 	253 	45.8 	35 	97 	36.1 	58 	69 	84.1 	7 	61 	68 	105 	13 	4 	61 	58 	306 	1.72 	0.21
150 	
Jae Crowder
	32 	883 	324 	109 	271 	40.2 	77 	205 	37.6 	29 	35 	82.9 	13 	147 	160 	68 	27 	8 	29 	58 	390 	2.35 	0.93
151 	
OG Anunoby
	23 	769 	317 	114 	238 	47.9 	49 	124 	39.5 	40 	53 	75.5 	33 	99 	132 	38 	37 	17 	38 	64 	366 	1.00 	0.97
152 	
Daniel Theis
	34 	827 	315 	124 	220 	56.4 	27 	73 	37.0 	40 	60 	66.7 	43 	127 	170 	46 	21 	38 	35 	98 	439 	1.31 	0.60
153 	
Jeff Green
	33 	871 	314 	113 	223 	50.7 	49 	116 	42.2 	39 	49 	79.6 	15 	103 	118 	46 	23 	8 	27 	62 	362 	1.70 	0.85
153 	
Nicolas Batum
	35 	1031 	314 	108 	229 	47.2 	68 	155 	43.9 	30 	36 	83.3 	30 	137 	167 	84 	42 	13 	26 	59 	467 	3.23 	1.62
155 	
Ivica Zubac
	38 	753 	311 	120 	182 	65.9 	0 	1 	0.0 	71 	86 	82.6 	90 	176 	266 	43 	14 	30 	39 	94 	548 	1.10 	0.36
156 	
De'Andre Hunter
	18 	579 	310 	108 	210 	51.4 	30 	82 	36.6 	64 	73 	87.7 	16 	81 	97 	40 	17 	9 	25 	47 	337 	1.60 	0.68
156 	
Delon Wright
	29 	848 	310 	110 	235 	46.8 	28 	73 	38.4 	62 	79 	78.5 	32 	101 	133 	141 	42 	15 	35 	32 	464 	4.03 	1.20
158 	
James Wiseman
	26 	541 	306 	126 	247 	51.0 	10 	27 	37.0 	44 	70 	62.9 	36 	118 	154 	17 	9 	28 	38 	84 	329 	0.45 	0.24
159 	
Danny Green
	36 	1018 	305 	106 	270 	39.3 	80 	213 	37.6 	13 	20 	65.0 	31 	97 	128 	61 	45 	28 	46 	66 	350 	1.33 	0.98
159 	
Reggie Jackson
	35 	709 	305 	114 	250 	45.6 	46 	115 	40.0 	31 	41 	75.6 	13 	77 	90 	103 	20 	3 	35 	65 	340 	2.94 	0.57
161 	
Rudy Gay
	27 	598 	303 	112 	270 	41.5 	44 	118 	37.3 	35 	45 	77.8 	25 	119 	144 	40 	21 	13 	30 	48 	323 	1.33 	0.70
161 	
Wayne Ellington
	28 	650 	303 	103 	227 	45.4 	77 	178 	43.3 	20 	27 	74.1 	8 	39 	47 	40 	13 	6 	19 	43 	259 	2.11 	0.68
163 	
Malik Monk
	22 	499 	297 	103 	223 	46.2 	54 	123 	43.9 	37 	47 	78.7 	8 	55 	63 	41 	6 	2 	33 	32 	246 	1.24 	0.18
164 	
Cam Reddish
	26 	750 	292 	96 	263 	36.5 	33 	126 	26.2 	67 	82 	81.7 	22 	82 	104 	35 	33 	9 	34 	68 	257 	1.03 	0.97
165 	
Garrett Temple
	33 	936 	290 	107 	250 	42.8 	45 	131 	34.4 	31 	38 	81.6 	20 	87 	107 	68 	31 	18 	33 	77 	331 	2.06 	0.94
166 	
Desmond Bane
	29 	670 	288 	107 	222 	48.2 	52 	114 	45.6 	22 	25 	88.0 	12 	72 	84 	39 	21 	4 	31 	56 	287 	1.26 	0.68
166 	
LaMarcus Aldridge
	21 	544 	288 	115 	248 	46.4 	27 	75 	36.0 	31 	37 	83.8 	17 	77 	94 	36 	8 	18 	20 	36 	285 	1.80 	0.40
166 	
Robin Lopez
	35 	713 	288 	114 	194 	58.8 	4 	13 	30.8 	56 	80 	70.0 	80 	70 	150 	33 	10 	21 	39 	68 	359 	0.85 	0.26
169 	
Kentavious Caldwell-Pope
	33 	863 	286 	98 	224 	43.8 	51 	127 	40.2 	39 	46 	84.8 	15 	63 	78 	47 	26 	9 	34 	55 	279 	1.38 	0.77
170 	
Bruce Brown
	33 	698 	283 	118 	200 	59.0 	9 	33 	27.3 	38 	53 	71.7 	51 	103 	154 	46 	26 	10 	26 	69 	396 	1.77 	1.00
171 	
Wendell Carter Jr.
	23 	618 	282 	106 	198 	53.5 	7 	20 	35.0 	63 	86 	73.3 	48 	131 	179 	52 	16 	19 	43 	74 	390 	1.21 	0.37
172 	
Danilo Gallinari
	24 	525 	280 	81 	207 	39.1 	47 	121 	38.8 	71 	76 	93.4 	5 	76 	81 	37 	13 	3 	27 	46 	256 	1.37 	0.48
173 	
Alec Burks
	25 	617 	278 	92 	227 	40.5 	47 	117 	40.2 	47 	56 	83.9 	12 	96 	108 	51 	18 	5 	27 	48 	289 	1.89 	0.67
174 	
Cole Anthony
	25 	667 	275 	101 	269 	37.5 	27 	83 	32.5 	46 	55 	83.6 	20 	91 	111 	94 	17 	11 	51 	51 	280 	1.84 	0.33
175 	
Reggie Bullock
	32 	841 	273 	99 	244 	40.6 	55 	148 	37.2 	20 	24 	83.3 	10 	99 	109 	42 	20 	7 	23 	69 	279 	1.83 	0.87
175 	
Royce O'Neale
	36 	1181 	273 	94 	213 	44.1 	62 	151 	41.1 	23 	28 	82.1 	45 	199 	244 	94 	28 	20 	42 	102 	493 	2.24 	0.67
177 	
Ricky Rubio
	34 	863 	272 	92 	236 	39.0 	27 	82 	32.9 	61 	74 	82.4 	14 	93 	107 	218 	42 	0 	70 	77 	412 	3.11 	0.60
178 	
Paul Millsap
	26 	621 	271 	99 	189 	52.4 	32 	78 	41.0 	41 	59 	69.5 	41 	93 	134 	43 	22 	14 	26 	54 	350 	1.65 	0.85
179 	
JJ Redick
	31 	577 	270 	87 	214 	40.7 	51 	140 	36.4 	45 	47 	95.7 	3 	49 	52 	40 	9 	2 	25 	37 	219 	1.60 	0.36
179 	
Tristan Thompson
	34 	774 	270 	111 	209 	53.1 	0 	3 	0.0 	48 	76 	63.2 	105 	178 	283 	33 	12 	13 	31 	72 	454 	1.07 	0.39
181 	
Lauri Markkanen
	14 	426 	268 	95 	185 	51.4 	40 	101 	39.6 	38 	45 	84.4 	8 	77 	85 	12 	9 	5 	24 	31 	258 	0.50 	0.38
182 	
Tyus Jones
	33 	706 	266 	112 	256 	43.8 	25 	86 	29.1 	17 	20 	85.0 	15 	68 	83 	149 	40 	4 	28 	14 	367 	5.32 	1.43
183 	
Steven Adams
	33 	918 	265 	115 	187 	61.5 	0 	1 	0.0 	35 	79 	44.3 	133 	161 	294 	69 	29 	20 	50 	63 	511 	1.38 	0.58
184 	
David Nwaba
	28 	642 	263 	100 	208 	48.1 	17 	63 	27.0 	46 	66 	69.7 	37 	66 	103 	28 	30 	20 	17 	58 	299 	1.65 	1.77
185 	
Aaron Gordon
	19 	552 	262 	91 	213 	42.7 	31 	84 	36.9 	49 	80 	61.3 	33 	104 	137 	80 	14 	16 	53 	38 	303 	1.51 	0.26
185 	
Robert Covington
	33 	1054 	262 	91 	243 	37.4 	57 	171 	33.3 	23 	28 	82.1 	27 	191 	218 	55 	53 	39 	40 	85 	430 	1.38 	1.33
187 	
Anfernee Simons
	32 	543 	261 	87 	220 	39.5 	65 	158 	41.1 	22 	26 	84.6 	6 	72 	78 	41 	6 	5 	27 	55 	227 	1.52 	0.22
188 	
DeAndre Jordan
	35 	799 	259 	115 	151 	76.2 	0 	1 	0.0 	29 	56 	51.8 	63 	199 	262 	67 	11 	51 	59 	76 	528 	1.14 	0.19
189 	
Isaiah Roby
	30 	640 	258 	99 	190 	52.1 	18 	53 	34.0 	42 	58 	72.4 	46 	117 	163 	53 	25 	17 	40 	82 	369 	1.33 	0.63
190 	
Aaron Holiday
	35 	667 	257 	95 	256 	37.1 	38 	108 	35.2 	29 	40 	72.5 	7 	39 	46 	63 	20 	4 	29 	62 	189 	2.17 	0.69
190 	
Landry Shamet
	33 	650 	257 	83 	216 	38.4 	58 	162 	35.8 	33 	38 	86.8 	5 	56 	61 	37 	15 	5 	26 	42 	211 	1.42 	0.58
190 	
Trey Burke
	34 	545 	257 	94 	208 	45.2 	42 	106 	39.6 	27 	31 	87.1 	4 	30 	34 	53 	22 	2 	19 	41 	231 	2.79 	1.16
193 	
Tyrese Maxey
	32 	519 	255 	109 	242 	45.0 	15 	55 	27.3 	22 	25 	88.0 	8 	52 	60 	58 	15 	5 	22 	40 	235 	2.64 	0.68
194 	
Luke Kennard
	34 	684 	253 	94 	203 	46.3 	52 	114 	45.6 	13 	15 	86.7 	8 	82 	90 	58 	11 	6 	29 	54 	278 	2.00 	0.38
195 	
Derrick Jones Jr.
	31 	838 	250 	92 	182 	50.5 	26 	78 	33.3 	40 	62 	64.5 	58 	91 	149 	27 	24 	34 	22 	74 	350 	1.23 	1.09
195 	
Isaac Okoro
	31 	1030 	250 	93 	225 	41.3 	28 	93 	30.1 	36 	53 	67.9 	30 	53 	83 	58 	36 	16 	46 	95 	248 	1.26 	0.78
197 	
Blake Griffin
	20 	626 	245 	81 	222 	36.5 	39 	124 	31.5 	44 	62 	71.0 	7 	97 	104 	77 	14 	2 	32 	42 	251 	2.41 	0.44
197 	
Timothe Luwawu-Cabarrot
	34 	669 	245 	86 	221 	38.9 	53 	146 	36.3 	20 	26 	76.9 	18 	62 	80 	43 	24 	5 	25 	63 	231 	1.72 	0.96
199 	
Taurean Prince
	29 	620 	242 	79 	208 	38.0 	39 	101 	38.6 	45 	53 	84.9 	15 	89 	104 	50 	19 	19 	31 	53 	266 	1.61 	0.61
200 	
DeMarcus Cousins
	25 	506 	241 	79 	210 	37.6 	39 	116 	33.6 	44 	59 	74.6 	30 	161 	191 	60 	21 	18 	39 	74 	346 	1.54 	0.54
200 	
Denzel Valentine
	30 	591 	241 	93 	248 	37.5 	49 	141 	34.8 	6 	6 	100 	12 	110 	122 	54 	22 	1 	18 	36 	267 	3.00 	1.22
200 	
Theo Maledon
	31 	797 	241 	86 	218 	39.4 	45 	127 	35.4 	24 	32 	75.0 	7 	85 	92 	102 	31 	2 	56 	69 	272 	1.82 	0.55
203 	
Damion Lee
	37 	712 	238 	79 	177 	44.6 	52 	138 	37.7 	28 	31 	90.3 	15 	110 	125 	53 	25 	4 	17 	55 	327 	3.12 	1.47
203 	
Jeremy Lamb
	21 	486 	238 	78 	165 	47.3 	34 	76 	44.7 	48 	51 	94.1 	15 	63 	78 	34 	18 	11 	16 	44 	273 	2.13 	1.13
203 	
Patrick Beverley
	28 	678 	238 	79 	177 	44.6 	49 	116 	42.2 	31 	39 	79.5 	27 	80 	107 	60 	25 	22 	27 	90 	319 	2.22 	0.93
203 	
Svi Mykhailiuk
	35 	608 	238 	80 	212 	37.7 	54 	161 	33.5 	24 	30 	80.0 	11 	59 	70 	49 	25 	6 	38 	31 	212 	1.29 	0.66
203 	
Talen Horton-Tucker
	33 	576 	238 	94 	213 	44.1 	18 	63 	28.6 	32 	39 	82.1 	10 	70 	80 	66 	27 	19 	43 	69 	261 	1.54 	0.63
208 	
Sterling Brown
	32 	713 	237 	86 	196 	43.9 	51 	127 	40.2 	14 	15 	93.3 	22 	112 	134 	55 	31 	7 	25 	64 	328 	2.20 	1.24
209 	
Raul Neto
	30 	615 	236 	90 	201 	44.8 	29 	76 	38.2 	27 	32 	84.4 	13 	55 	68 	62 	33 	3 	21 	42 	265 	2.95 	1.57
210 	
Cory Joseph
	36 	749 	231 	90 	201 	44.8 	24 	75 	32.0 	27 	35 	77.1 	20 	58 	78 	85 	24 	7 	36 	83 	270 	2.36 	0.67
210 	
Kent Bazemore
	35 	587 	231 	84 	175 	48.0 	39 	89 	43.8 	24 	32 	75.0 	14 	91 	105 	56 	30 	19 	38 	77 	304 	1.47 	0.79
212 	
Nickeil Alexander-Walker
	28 	495 	230 	86 	211 	40.8 	30 	98 	30.6 	28 	35 	80.0 	5 	61 	66 	54 	28 	9 	32 	44 	223 	1.69 	0.88
212 	
Payton Pritchard
	30 	641 	230 	86 	188 	45.7 	41 	102 	40.2 	17 	18 	94.4 	16 	54 	70 	69 	18 	5 	34 	59 	255 	2.03 	0.53
214 	
JaMychal Green
	25 	512 	228 	80 	180 	44.4 	41 	96 	42.7 	27 	32 	84.4 	41 	109 	150 	24 	15 	7 	26 	68 	293 	0.92 	0.58
214 	
Mitchell Robinson
	27 	778 	228 	103 	156 	66.0 	0 	0 	0.0 	22 	46 	47.8 	97 	129 	226 	14 	32 	41 	22 	78 	442 	0.64 	1.46
216 	
Caris LeVert
	12 	334 	222 	87 	200 	43.5 	22 	63 	34.9 	26 	34 	76.5 	10 	42 	52 	72 	13 	6 	26 	20 	218 	2.77 	0.50
216 	
Kenrich Williams
	36 	681 	222 	93 	168 	55.4 	21 	50 	42.0 	15 	24 	62.5 	48 	97 	145 	59 	28 	7 	33 	64 	344 	1.79 	0.85
216 	
Marcus Smart
	17 	549 	222 	74 	188 	39.4 	28 	90 	31.1 	46 	62 	74.2 	7 	40 	47 	103 	31 	9 	30 	39 	252 	3.43 	1.03
219 	
Dwight Howard
	36 	574 	219 	81 	138 	58.7 	4 	11 	36.4 	53 	100 	53.0 	91 	173 	264 	27 	15 	31 	62 	105 	390 	0.44 	0.24
220 	
Pat Connaughton
	33 	697 	216 	78 	176 	44.3 	46 	117 	39.3 	14 	17 	82.4 	31 	110 	141 	46 	22 	15 	12 	52 	327 	3.83 	1.83
221 	
Derrick Favors
	34 	550 	215 	85 	131 	64.9 	0 	1 	0.0 	45 	57 	78.9 	65 	122 	187 	28 	18 	31 	21 	83 	400 	1.33 	0.86
221 	
Jakob Poeltl
	33 	782 	215 	99 	162 	61.1 	0 	0 	0.0 	17 	49 	34.7 	98 	141 	239 	58 	20 	50 	37 	74 	450 	1.57 	0.54
221 	
T.J. McConnell
	32 	810 	215 	100 	190 	52.6 	6 	19 	31.6 	9 	18 	50.0 	22 	95 	117 	216 	63 	12 	60 	50 	464 	3.60 	1.05
224 	
Grayson Allen
	23 	551 	214 	67 	164 	40.9 	46 	113 	40.7 	34 	38 	89.5 	8 	57 	65 	50 	23 	3 	21 	30 	233 	2.38 	1.10
224 	
Terence Davis
	30 	442 	214 	79 	187 	42.2 	40 	110 	36.4 	16 	18 	88.9 	9 	49 	58 	32 	16 	6 	24 	46 	192 	1.33 	0.67
226 	
De'Anthony Melton
	21 	426 	212 	81 	168 	48.2 	34 	80 	42.5 	16 	22 	72.7 	12 	52 	64 	61 	26 	14 	27 	38 	257 	2.26 	0.96
226 	
Dorian Finney-Smith
	26 	818 	212 	78 	185 	42.2 	42 	123 	34.1 	14 	16 	87.5 	37 	98 	135 	36 	25 	10 	16 	70 	293 	2.25 	1.56
226 	
Precious Achiuwa
	35 	491 	212 	84 	145 	57.9 	0 	0 	0.0 	44 	81 	54.3 	46 	95 	141 	20 	15 	19 	32 	58 	277 	0.63 	0.47
229 	
Aron Baynes
	33 	649 	208 	88 	200 	44.0 	17 	70 	24.3 	15 	20 	75.0 	54 	125 	179 	35 	10 	11 	30 	80 	296 	1.17 	0.33
229 	
D.J. Augustin
	34 	664 	208 	64 	183 	35.0 	45 	123 	36.6 	35 	39 	89.7 	11 	35 	46 	103 	19 	1 	30 	27 	224 	3.43 	0.63
231 	
Khem Birch
	35 	703 	207 	76 	153 	49.7 	4 	13 	30.8 	51 	69 	73.9 	90 	97 	187 	37 	21 	25 	19 	54 	363 	1.95 	1.11
232 	
Jarred Vanderbilt
	34 	652 	206 	85 	139 	61.2 	1 	2 	50.0 	35 	63 	55.6 	62 	133 	195 	52 	38 	22 	35 	73 	396 	1.49 	1.09
233 	
Damyean Dotson
	30 	565 	205 	79 	197 	40.1 	29 	104 	27.9 	18 	26 	69.2 	4 	49 	53 	65 	12 	4 	24 	26 	189 	2.71 	0.50
234 	
JaVale McGee
	27 	411 	203 	85 	174 	48.9 	5 	17 	29.4 	28 	46 	60.9 	42 	97 	139 	26 	13 	33 	36 	69 	271 	0.72 	0.36
235 	
Furkan Korkmaz
	25 	467 	201 	69 	180 	38.3 	39 	113 	34.5 	24 	30 	80.0 	5 	56 	61 	21 	15 	4 	24 	30 	161 	0.88 	0.63
235 	
Garrison Mathews
	29 	469 	201 	55 	129 	42.6 	42 	103 	40.8 	49 	53 	92.5 	11 	40 	51 	13 	20 	6 	4 	49 	209 	3.25 	5.00
235 	
Robert Williams III
	29 	468 	201 	88 	122 	72.1 	0 	1 	0.0 	25 	39 	64.1 	66 	104 	170 	31 	26 	42 	28 	53 	394 	1.11 	0.93
238 	
Danuel House Jr.
	22 	602 	200 	69 	184 	37.5 	34 	109 	31.2 	28 	37 	75.7 	16 	71 	87 	42 	14 	12 	21 	43 	210 	2.00 	0.67
239 	
Jaylen Nowell
	22 	367 	198 	71 	170 	41.8 	25 	72 	34.7 	31 	37 	83.8 	10 	32 	42 	23 	10 	4 	12 	40 	160 	1.92 	0.83
240 	
Frank Kaminsky
	27 	428 	197 	77 	165 	46.7 	26 	62 	41.9 	17 	29 	58.6 	22 	84 	106 	46 	8 	12 	14 	38 	255 	3.29 	0.57
241 	
Dario Saric
	17 	307 	195 	69 	143 	48.3 	23 	61 	37.7 	34 	37 	91.9 	14 	54 	68 	22 	14 	3 	21 	33 	204 	1.05 	0.67
241 	
Xavier Tillman
	28 	567 	195 	83 	162 	51.2 	10 	36 	27.8 	19 	25 	76.0 	40 	88 	128 	46 	25 	16 	25 	70 	300 	1.84 	1.00
243 	
Georges Niang
	36 	481 	194 	72 	167 	43.1 	45 	117 	38.5 	5 	5 	100 	12 	66 	78 	24 	11 	3 	23 	55 	192 	1.04 	0.48
244 	
Deni Avdija
	31 	670 	191 	73 	165 	44.2 	34 	92 	37.0 	11 	19 	57.9 	13 	133 	146 	40 	21 	6 	24 	77 	280 	1.67 	0.88
245 	
Hassan Whiteside
	23 	335 	190 	80 	138 	58.0 	0 	1 	0.0 	30 	55 	54.5 	36 	96 	132 	11 	6 	30 	24 	42 	262 	0.46 	0.25
246 	
Semi Ojeleye
	34 	645 	187 	63 	151 	41.7 	41 	107 	38.3 	20 	28 	71.4 	20 	78 	98 	27 	11 	0 	14 	41 	213 	1.93 	0.79
247 	
Otto Porter Jr.
	16 	372 	186 	64 	144 	44.4 	28 	70 	40.0 	30 	36 	83.3 	20 	80 	100 	32 	9 	3 	15 	25 	229 	2.13 	0.60
248 	
Bismack Biyombo
	33 	736 	185 	78 	137 	56.9 	0 	1 	0.0 	29 	60 	48.3 	71 	113 	184 	48 	9 	38 	30 	81 	344 	1.60 	0.30
248 	
Isaiah Stewart
	34 	626 	185 	81 	146 	55.5 	1 	5 	20.0 	22 	32 	68.8 	80 	116 	196 	24 	18 	34 	30 	88 	352 	0.80 	0.60
250 	
Gary Harris
	19 	581 	184 	69 	156 	44.2 	24 	75 	32.0 	22 	30 	73.3 	13 	34 	47 	32 	17 	4 	14 	37 	175 	2.29 	1.21
251 	
Willie Cauley-Stein
	32 	551 	182 	75 	118 	63.6 	1 	6 	16.7 	31 	48 	64.6 	40 	102 	142 	24 	10 	23 	16 	75 	305 	1.50 	0.63
252 	
Jeff Teague
	28 	506 	180 	59 	158 	37.3 	19 	45 	42.2 	43 	48 	89.6 	7 	39 	46 	59 	23 	5 	32 	34 	177 	1.84 	0.72
253 	
Brad Wanamaker
	37 	599 	178 	58 	162 	35.8 	13 	56 	23.2 	49 	55 	89.1 	8 	54 	62 	99 	26 	6 	35 	51 	226 	2.83 	0.74
254 	
Draymond Green
	31 	918 	177 	68 	174 	39.1 	14 	59 	23.7 	27 	38 	71.1 	23 	165 	188 	267 	44 	22 	84 	100 	497 	3.18 	0.52
255 	
Larry Nance Jr.
	19 	635 	176 	70 	145 	48.3 	24 	63 	38.1 	12 	21 	57.1 	27 	102 	129 	61 	37 	10 	28 	41 	301 	2.18 	1.32
256 	
Cody Zeller
	18 	421 	174 	73 	142 	51.4 	3 	19 	15.8 	25 	33 	75.8 	46 	90 	136 	44 	11 	11 	20 	47 	279 	2.20 	0.55
256 	
James Ennis III
	24 	514 	174 	60 	120 	50.0 	21 	47 	44.7 	33 	42 	78.6 	26 	67 	93 	32 	20 	6 	21 	53 	235 	1.52 	0.95
258 	
Gorgui Dieng
	22 	371 	173 	56 	108 	51.9 	23 	48 	47.9 	38 	43 	88.4 	28 	70 	98 	29 	17 	14 	22 	38 	252 	1.32 	0.77
259 	
Terance Mann
	35 	549 	169 	62 	129 	48.1 	13 	34 	38.2 	32 	40 	80.0 	31 	83 	114 	45 	14 	6 	23 	59 	250 	1.96 	0.61
260 	
Alex Caruso
	29 	577 	168 	62 	145 	42.8 	28 	70 	40.0 	16 	23 	69.6 	17 	63 	80 	70 	30 	6 	32 	51 	232 	2.19 	0.94
260 	
Marc Gasol
	35 	703 	168 	54 	134 	40.3 	31 	85 	36.5 	29 	36 	80.6 	25 	118 	143 	69 	17 	45 	30 	82 	325 	2.30 	0.57
262 	
Andre Iguodala
	34 	735 	166 	57 	147 	38.8 	38 	112 	33.9 	14 	25 	56.0 	20 	106 	126 	77 	36 	16 	36 	51 	284 	2.14 	1.00
262 	
Markieff Morris
	31 	540 	166 	59 	145 	40.7 	28 	87 	32.2 	20 	29 	69.0 	22 	95 	117 	31 	7 	8 	18 	50 	216 	1.72 	0.39
262 	
Maxi Kleber
	23 	602 	166 	52 	116 	44.8 	40 	88 	45.5 	22 	23 	95.7 	23 	101 	124 	32 	10 	20 	12 	54 	275 	2.67 	0.83
265 	
Facundo Campazzo
	30 	488 	165 	51 	126 	40.5 	33 	87 	37.9 	30 	37 	81.1 	5 	26 	31 	62 	29 	7 	25 	57 	187 	2.48 	1.16
265 	
George Hill
	14 	369 	165 	61 	120 	50.8 	22 	57 	38.6 	21 	25 	84.0 	8 	21 	29 	43 	12 	2 	12 	12 	176 	3.58 	1.00
265 	
Tomas Satoransky
	23 	476 	165 	60 	112 	53.6 	19 	39 	48.7 	26 	29 	89.7 	8 	52 	60 	102 	12 	4 	34 	27 	254 	3.00 	0.35
268 	
Moritz Wagner
	23 	337 	163 	58 	114 	50.9 	12 	39 	30.8 	35 	46 	76.1 	13 	57 	70 	27 	17 	7 	16 	56 	201 	1.69 	1.06
269 	
James Johnson
	28 	489 	162 	66 	141 	46.8 	15 	58 	25.9 	15 	27 	55.6 	14 	72 	86 	49 	24 	22 	27 	56 	229 	1.82 	0.89
270 	
Justin Jackson
	25 	405 	161 	61 	149 	40.9 	23 	79 	29.1 	16 	20 	80.0 	11 	47 	58 	38 	10 	1 	24 	24 	152 	1.58 	0.42
270 	
Nemanja Bjelica
	19 	342 	161 	58 	120 	48.3 	15 	45 	33.3 	30 	38 	78.9 	20 	60 	80 	42 	6 	2 	24 	36 	197 	1.75 	0.25
272 	
Cameron Payne
	24 	394 	159 	61 	127 	48.0 	24 	57 	42.1 	13 	14 	92.9 	3 	41 	44 	86 	15 	5 	25 	42 	217 	3.44 	0.60
272 	
PJ Dozier
	21 	408 	159 	58 	127 	45.7 	20 	51 	39.2 	23 	38 	60.5 	18 	64 	82 	35 	11 	13 	16 	36 	200 	2.19 	0.69
274 	
Nerlens Noel
	32 	710 	158 	68 	111 	61.3 	0 	2 	0.0 	22 	33 	66.7 	68 	127 	195 	20 	32 	65 	37 	83 	379 	0.54 	0.87
275 	
Solomon Hill
	36 	686 	156 	53 	149 	35.6 	35 	110 	31.8 	15 	17 	88.2 	18 	64 	82 	33 	25 	6 	21 	58 	183 	1.57 	1.19
276 	
Austin Rivers
	21 	442 	154 	58 	135 	43.0 	28 	77 	36.4 	10 	14 	71.4 	5 	42 	47 	42 	12 	0 	22 	32 	152 	1.91 	0.55
276 	
Jaden McDaniels
	30 	574 	154 	57 	149 	38.3 	28 	83 	33.7 	12 	23 	52.2 	18 	83 	101 	30 	10 	30 	23 	71 	199 	1.30 	0.44
276 	
Jake Layman
	24 	372 	154 	59 	115 	51.3 	15 	47 	31.9 	21 	27 	77.8 	7 	30 	37 	16 	20 	11 	17 	27 	159 	0.94 	1.18
279 	
Michael Carter-Williams
	17 	450 	153 	58 	144 	40.3 	8 	31 	25.8 	29 	38 	76.3 	27 	55 	82 	70 	10 	9 	32 	50 	197 	2.19 	0.31
280 	
Ben McLemore
	24 	372 	149 	50 	140 	35.7 	32 	102 	31.4 	17 	23 	73.9 	10 	41 	51 	23 	14 	1 	23 	34 	119 	1.00 	0.61
280 	
Grant Williams
	28 	517 	149 	54 	115 	47.0 	26 	60 	43.3 	15 	29 	51.7 	27 	54 	81 	25 	13 	11 	27 	79 	177 	0.93 	0.48
280 	
Rodney Hood
	30 	575 	149 	62 	168 	36.9 	20 	67 	29.9 	5 	8 	62.5 	8 	42 	50 	32 	17 	3 	25 	42 	117 	1.28 	0.68
283 	
Gabe Vincent
	25 	375 	146 	52 	143 	36.4 	23 	89 	25.8 	19 	21 	90.5 	3 	24 	27 	31 	12 	2 	20 	46 	105 	1.55 	0.60
284 	
Willy Hernangomez
	20 	359 	145 	60 	110 	54.5 	1 	5 	20.0 	24 	36 	66.7 	53 	86 	139 	26 	7 	10 	11 	27 	254 	2.36 	0.64
285 	
Caleb Martin
	26 	395 	143 	55 	133 	41.4 	19 	57 	33.3 	14 	26 	53.8 	20 	53 	73 	30 	21 	7 	17 	26 	167 	1.77 	1.24
285 	
Devin Vassell
	26 	451 	143 	50 	126 	39.7 	25 	63 	39.7 	18 	21 	85.7 	16 	67 	83 	28 	29 	9 	12 	32 	201 	2.33 	2.42
285 	
Thomas Bryant
	10 	271 	143 	59 	91 	64.8 	9 	21 	42.9 	16 	24 	66.7 	18 	43 	61 	15 	4 	8 	11 	31 	180 	1.36 	0.36
288 	
P.J. Tucker
	32 	959 	141 	48 	131 	36.6 	27 	86 	31.4 	18 	23 	78.3 	33 	115 	148 	45 	29 	18 	33 	91 	260 	1.36 	0.88
289 	
Mychal Mulder
	34 	361 	140 	47 	108 	43.5 	38 	93 	40.9 	8 	15 	53.3 	1 	30 	31 	15 	8 	7 	8 	27 	125 	1.88 	1.00
290 	
Alex Len
	27 	355 	138 	54 	87 	62.1 	6 	20 	30.0 	24 	42 	57.1 	19 	63 	82 	23 	9 	32 	26 	47 	207 	0.89 	0.35
290 	
Dylan Windler
	22 	417 	138 	47 	103 	45.6 	23 	63 	36.5 	21 	26 	80.8 	17 	73 	90 	28 	15 	10 	22 	29 	198 	1.27 	0.68
292 	
Jarrett Culver
	19 	376 	137 	54 	128 	42.2 	8 	35 	22.9 	21 	35 	60.0 	30 	60 	90 	16 	12 	7 	23 	40 	151 	0.70 	0.52
292 	
Josh Okogie
	29 	558 	137 	47 	134 	35.1 	12 	55 	21.8 	31 	41 	75.6 	26 	47 	73 	30 	24 	14 	22 	58 	159 	1.36 	1.09
294 	
Max Strus
	19 	283 	135 	47 	103 	45.6 	31 	85 	36.5 	10 	14 	71.4 	2 	18 	20 	10 	3 	0 	3 	24 	105 	3.33 	1.00
295 	
Juan Toscano-Anderson
	23 	474 	134 	53 	94 	56.4 	15 	35 	42.9 	13 	18 	72.2 	16 	87 	103 	51 	13 	12 	26 	48 	241 	1.96 	0.50
295 	
Sekou Doumbouya
	32 	439 	134 	50 	141 	35.5 	15 	60 	25.0 	19 	26 	73.1 	16 	57 	73 	22 	13 	2 	18 	50 	128 	1.22 	0.72
297 	
Kevin Knox II
	26 	397 	133 	47 	119 	39.5 	28 	72 	38.9 	11 	14 	78.6 	9 	40 	49 	17 	8 	6 	16 	33 	122 	1.06 	0.50
298 	
Jordan McLaughlin
	24 	467 	130 	53 	141 	37.6 	16 	46 	34.8 	8 	10 	80.0 	13 	43 	56 	113 	24 	4 	26 	24 	211 	4.35 	0.92
299 	
Obi Toppin
	27 	342 	127 	52 	107 	48.6 	13 	44 	29.5 	10 	14 	71.4 	9 	58 	67 	15 	8 	10 	15 	28 	153 	1.00 	0.53
299 	
Wesley Matthews
	30 	605 	127 	42 	118 	35.6 	31 	92 	33.7 	12 	15 	80.0 	12 	32 	44 	34 	15 	11 	15 	43 	137 	2.27 	1.00
301 	
Daniel Gafford
	26 	343 	126 	50 	75 	66.7 	0 	0 	0.0 	26 	39 	66.7 	34 	48 	82 	16 	11 	32 	19 	48 	210 	0.84 	0.58
302 	
Mason Jones
	22 	244 	122 	38 	87 	43.7 	18 	49 	36.7 	28 	43 	65.1 	4 	42 	46 	29 	6 	0 	26 	22 	113 	1.12 	0.23
303 	
Abdel Nader
	19 	273 	121 	44 	90 	48.9 	13 	33 	39.4 	20 	25 	80.0 	3 	43 	46 	15 	6 	7 	13 	24 	131 	1.15 	0.46
303 	
Glenn Robinson III
	23 	369 	121 	42 	99 	42.4 	16 	44 	36.4 	21 	23 	91.3 	11 	34 	45 	20 	4 	3 	11 	23 	123 	1.82 	0.36
305 	
DeAndre' Bembry
	27 	443 	120 	49 	86 	57.0 	8 	22 	36.4 	14 	20 	70.0 	11 	43 	54 	53 	15 	8 	27 	44 	180 	1.96 	0.56
306 	
Jusuf Nurkic
	12 	280 	118 	50 	103 	48.5 	3 	12 	25.0 	15 	27 	55.6 	23 	69 	92 	33 	11 	11 	23 	33 	177 	1.44 	0.48
307 	
Tony Snell
	23 	420 	117 	41 	85 	48.2 	35 	62 	56.5 	0 	0 	0.0 	11 	36 	47 	27 	3 	7 	13 	31 	144 	2.08 	0.23
308 	
Edmond Sumner
	22 	251 	113 	42 	82 	51.2 	9 	26 	34.6 	20 	27 	74.1 	8 	23 	31 	10 	13 	2 	17 	26 	105 	0.59 	0.77
308 	
Langston Galloway
	25 	262 	113 	38 	82 	46.3 	21 	46 	45.7 	16 	16 	100 	4 	22 	26 	16 	4 	0 	7 	14 	108 	2.29 	0.57
310 	
Jaxson Hayes
	25 	311 	111 	46 	68 	67.6 	0 	0 	0.0 	19 	29 	65.5 	31 	58 	89 	9 	9 	12 	16 	45 	182 	0.56 	0.56
311 	
Kira Lewis Jr.
	21 	273 	110 	42 	108 	38.9 	13 	39 	33.3 	13 	20 	65.0 	2 	15 	17 	38 	12 	1 	9 	25 	96 	4.22 	1.33
311 	
Trey Lyles
	20 	318 	110 	42 	83 	50.6 	14 	37 	37.8 	12 	19 	63.2 	8 	71 	79 	11 	5 	1 	3 	11 	155 	3.67 	1.67
313 	
Dennis Smith Jr.
	15 	275 	109 	42 	109 	38.5 	14 	44 	31.8 	11 	14 	78.6 	10 	30 	40 	49 	18 	8 	17 	23 	137 	2.88 	1.06
313 	
Jordan Poole
	16 	170 	109 	36 	77 	46.8 	18 	49 	36.7 	19 	20 	95.0 	2 	19 	21 	14 	4 	3 	8 	14 	101 	1.75 	0.50
315 	
Dwight Powell
	23 	346 	106 	31 	67 	46.3 	1 	8 	12.5 	43 	57 	75.4 	23 	50 	73 	20 	13 	7 	16 	53 	153 	1.25 	0.81
315 	
Kevon Looney
	27 	401 	106 	44 	74 	59.5 	2 	6 	33.3 	16 	21 	76.2 	48 	65 	113 	43 	10 	8 	17 	50 	228 	2.53 	0.59
315 	
Saben Lee
	15 	238 	106 	38 	70 	54.3 	4 	6 	66.7 	26 	39 	66.7 	6 	17 	23 	35 	11 	5 	14 	25 	121 	2.50 	0.79
318 	
Javonte Green
	22 	330 	105 	39 	71 	54.9 	7 	22 	31.8 	20 	30 	66.7 	20 	30 	50 	10 	18 	2 	12 	29 	131 	0.83 	1.50
318 	
Nassir Little
	20 	239 	105 	33 	70 	47.1 	17 	37 	45.9 	22 	25 	88.0 	14 	31 	45 	7 	3 	5 	10 	21 	115 	0.70 	0.30
320 	
Bogdan Bogdanovic
	11 	249 	103 	35 	91 	38.5 	23 	67 	34.3 	10 	11 	90.9 	2 	36 	38 	24 	4 	2 	13 	21 	101 	1.85 	0.31
320 	
Markelle Fultz
	8 	215 	103 	41 	104 	39.4 	4 	16 	25.0 	17 	19 	89.5 	5 	20 	25 	43 	8 	2 	18 	18 	98 	2.39 	0.44
320 	
Matisse Thybulle
	33 	596 	103 	39 	106 	36.8 	17 	65 	26.2 	8 	14 	57.1 	12 	36 	48 	31 	46 	30 	13 	66 	172 	2.39 	3.54
323 	
Brandon Goodwin
	24 	289 	102 	35 	106 	33.0 	15 	53 	28.3 	17 	24 	70.8 	3 	24 	27 	43 	10 	0 	13 	23 	91 	3.31 	0.77
324 	
Juancho Hernangomez
	17 	271 	101 	36 	90 	40.0 	16 	53 	30.2 	13 	19 	68.4 	13 	62 	75 	10 	6 	2 	7 	14 	127 	1.43 	0.86
324 	
Lamar Stevens
	24 	346 	101 	38 	94 	40.4 	2 	17 	11.8 	23 	32 	71.9 	12 	51 	63 	23 	11 	8 	15 	35 	126 	1.53 	0.73
326 	
Derrick White
	9 	216 	100 	35 	94 	37.2 	15 	48 	31.3 	15 	19 	78.9 	1 	13 	14 	32 	8 	9 	9 	21 	91 	3.56 	0.89
326 	
Gary Clark
	30 	572 	100 	33 	112 	29.5 	26 	95 	27.4 	8 	9 	88.9 	29 	66 	95 	25 	11 	6 	15 	31 	142 	1.67 	0.73
328 	
Ish Smith
	19 	391 	99 	44 	116 	37.9 	5 	20 	25.0 	6 	15 	40.0 	10 	56 	66 	90 	15 	4 	19 	18 	174 	4.74 	0.79
329 	
Isaiah Hartenstein
	26 	243 	98 	39 	76 	51.3 	0 	0 	0.0 	20 	34 	58.8 	37 	37 	74 	14 	10 	15 	19 	53 	141 	0.74 	0.53
330 	
Dean Wade
	28 	320 	96 	33 	74 	44.6 	22 	52 	42.3 	8 	12 	66.7 	13 	47 	60 	18 	6 	5 	12 	23 	128 	1.50 	0.50
331 	
E'Twaun Moore
	22 	334 	94 	40 	95 	42.1 	6 	25 	24.0 	8 	10 	80.0 	11 	28 	39 	35 	14 	4 	18 	30 	111 	1.94 	0.78
332 	
Stanley Johnson
	32 	441 	93 	31 	79 	39.2 	20 	50 	40.0 	11 	14 	78.6 	15 	54 	69 	41 	24 	9 	22 	49 	163 	1.86 	1.09
333 	
Chuma Okeke
	20 	437 	88 	33 	86 	38.4 	17 	44 	38.6 	5 	10 	50.0 	18 	52 	70 	39 	16 	7 	13 	19 	149 	3.00 	1.23
334 	
Isaiah Joe
	20 	240 	86 	29 	79 	36.7 	23 	60 	38.3 	5 	5 	100 	6 	17 	23 	15 	7 	4 	5 	21 	80 	3.00 	1.40
335 	
Avery Bradley
	10 	211 	85 	31 	66 	47.0 	16 	38 	42.1 	7 	9 	77.8 	2 	16 	18 	14 	7 	1 	9 	26 	79 	1.56 	0.78
336 	
Tyler Johnson
	18 	250 	84 	28 	72 	38.9 	21 	51 	41.2 	7 	7 	100 	4 	27 	31 	17 	6 	0 	5 	13 	89 	3.40 	1.20
337 	
Boban Marjanovic
	18 	141 	82 	36 	72 	50.0 	0 	4 	0.0 	10 	14 	71.4 	27 	44 	71 	3 	1 	1 	8 	16 	110 	0.38 	0.13
337 	
Zeke Nnaji
	23 	248 	82 	31 	61 	50.8 	15 	36 	41.7 	5 	7 	71.4 	10 	23 	33 	3 	3 	2 	5 	16 	86 	0.60 	0.60
339 	
Mo Bamba
	17 	161 	81 	35 	67 	52.2 	7 	19 	36.8 	4 	6 	66.7 	19 	46 	65 	4 	3 	13 	7 	21 	125 	0.57 	0.43
340 	
Jevon Carter
	29 	289 	79 	30 	84 	35.7 	17 	57 	29.8 	2 	2 	100 	3 	34 	37 	35 	13 	7 	5 	31 	112 	7.00 	2.60
340 	
John Konchar
	19 	308 	79 	28 	66 	42.4 	7 	23 	30.4 	16 	18 	88.9 	18 	50 	68 	23 	18 	5 	8 	26 	145 	2.88 	2.25
342 	
Cody Martin
	23 	268 	78 	33 	64 	51.6 	4 	20 	20.0 	8 	10 	80.0 	19 	35 	54 	24 	12 	4 	15 	13 	124 	1.60 	0.80
343 	
Jalen McDaniels
	17 	213 	77 	29 	66 	43.9 	6 	23 	26.1 	13 	19 	68.4 	8 	37 	45 	8 	2 	4 	14 	30 	79 	0.57 	0.14
344 	
Carsen Edwards
	14 	147 	76 	29 	63 	46.0 	11 	34 	32.4 	7 	9 	77.8 	2 	12 	14 	6 	4 	1 	2 	16 	63 	3.00 	2.00
345 	
Aaron Nesmith
	18 	281 	75 	25 	63 	39.7 	17 	48 	35.4 	8 	12 	66.7 	10 	34 	44 	7 	3 	5 	11 	37 	81 	0.64 	0.27
345 	
Troy Brown Jr.
	18 	244 	75 	27 	74 	36.5 	11 	40 	27.5 	10 	15 	66.7 	8 	45 	53 	16 	2 	4 	12 	25 	86 	1.33 	0.17
347 	
Mike Scott
	17 	295 	73 	26 	63 	41.3 	19 	50 	38.0 	2 	5 	40.0 	4 	43 	47 	5 	8 	2 	10 	17 	85 	0.50 	0.80
348 	
Rajon Rondo
	20 	300 	72 	29 	74 	39.2 	13 	34 	38.2 	1 	2 	50.0 	4 	40 	44 	70 	12 	2 	27 	18 	127 	2.59 	0.44
349 	
Harry Giles III
	22 	260 	68 	26 	62 	41.9 	3 	8 	37.5 	13 	18 	72.2 	25 	83 	108 	20 	5 	9 	16 	44 	153 	1.25 	0.31
349 	
Jerome Robinson
	13 	221 	68 	22 	67 	32.8 	9 	31 	29.0 	15 	17 	88.2 	2 	31 	33 	18 	6 	2 	11 	21 	69 	1.64 	0.55
351 	
Justise Winslow
	7 	156 	66 	28 	77 	36.4 	3 	16 	18.8 	7 	12 	58.3 	6 	31 	37 	13 	3 	5 	11 	21 	59 	1.18 	0.27
352 	
Skylar Mays
	16 	132 	62 	19 	49 	38.8 	8 	23 	34.8 	16 	18 	88.9 	6 	6 	12 	18 	6 	0 	4 	6 	62 	4.50 	1.50
352 	
T.J. Warren
	4 	117 	62 	27 	51 	52.9 	0 	7 	0.0 	8 	10 	80.0 	2 	12 	14 	5 	2 	0 	4 	16 	53 	1.25 	0.50
354 	
Ryan Arcidiacono
	18 	198 	61 	21 	50 	42.0 	11 	32 	34.4 	8 	9 	88.9 	2 	31 	33 	23 	5 	0 	4 	16 	88 	5.75 	1.25
355 	
Goga Bitadze
	16 	148 	60 	24 	47 	51.1 	2 	15 	13.3 	10 	13 	76.9 	11 	21 	32 	4 	3 	15 	8 	26 	80 	0.50 	0.38
355 	
R.J. Hampton
	24 	220 	60 	24 	58 	41.4 	5 	18 	27.8 	7 	10 	70.0 	10 	37 	47 	12 	5 	2 	11 	21 	78 	1.09 	0.46
355 	
Thanasis Antetokounmpo
	26 	227 	60 	26 	43 	60.5 	2 	9 	22.2 	6 	13 	46.2 	26 	29 	55 	18 	8 	6 	19 	33 	104 	0.95 	0.42
355 	
Yuta Watanabe
	22 	268 	60 	20 	60 	33.3 	12 	33 	36.4 	8 	8 	100 	18 	53 	71 	8 	9 	12 	8 	23 	112 	1.00 	1.13
359 	
DaQuan Jeffries
	12 	189 	58 	22 	52 	42.3 	8 	24 	33.3 	6 	7 	85.7 	7 	14 	21 	4 	5 	4 	5 	17 	56 	0.80 	1.00
360 	
Rodney McGruder
	12 	115 	57 	22 	43 	51.2 	8 	16 	50.0 	5 	6 	83.3 	4 	8 	12 	12 	4 	1 	6 	8 	58 	2.00 	0.67
361 	
Aleksej Pokusevski
	17 	296 	56 	23 	93 	24.7 	10 	56 	17.9 	0 	0 	0.0 	5 	55 	60 	21 	8 	19 	22 	16 	72 	0.96 	0.36
361 	
Amir Coffey
	20 	154 	56 	21 	40 	52.5 	11 	21 	52.4 	3 	9 	33.3 	3 	12 	15 	8 	4 	0 	8 	11 	50 	1.00 	0.50
361 	
Drew Eubanks
	16 	184 	56 	21 	51 	41.2 	0 	0 	0.0 	14 	20 	70.0 	9 	38 	47 	9 	1 	17 	8 	19 	86 	1.13 	0.13
361 	
Jordan Bone
	14 	196 	56 	23 	54 	42.6 	10 	32 	31.3 	0 	0 	0.0 	4 	20 	24 	18 	2 	0 	3 	11 	66 	6.00 	0.67
365 	
Chris Chiozza
	15 	136 	53 	17 	47 	36.2 	9 	23 	39.1 	10 	13 	76.9 	3 	13 	16 	36 	4 	4 	10 	11 	70 	3.60 	0.40
365 	
Matt Thomas
	21 	145 	53 	18 	46 	39.1 	12 	31 	38.7 	5 	6 	83.3 	1 	13 	14 	9 	2 	0 	5 	8 	44 	1.80 	0.40
367 	
Frank Ntilikina
	9 	127 	52 	18 	37 	48.6 	13 	21 	61.9 	3 	5 	60.0 	1 	6 	7 	7 	8 	0 	5 	15 	48 	1.40 	1.60
368 	
Jahlil Okafor
	12 	120 	51 	25 	42 	59.5 	0 	3 	0.0 	1 	2 	50.0 	13 	14 	27 	3 	2 	2 	4 	10 	63 	0.75 	0.50
368 	
Jordan Nwora
	10 	82 	51 	17 	37 	45.9 	8 	16 	50.0 	9 	10 	90.0 	1 	14 	15 	0 	4 	2 	10 	9 	41 	0.00 	0.40
368 	
Onyeka Okongwu
	16 	159 	51 	21 	37 	56.8 	0 	1 	0.0 	9 	15 	60.0 	12 	27 	39 	5 	6 	7 	8 	26 	78 	0.63 	0.75
371 	
Nicolas Claxton
	5 	76 	50 	20 	29 	69.0 	0 	1 	0.0 	10 	14 	71.4 	4 	13 	17 	5 	5 	7 	2 	8 	69 	2.50 	2.50
371 	
Reggie Perry
	14 	147 	50 	21 	51 	41.2 	2 	12 	16.7 	6 	9 	66.7 	17 	34 	51 	12 	2 	5 	11 	27 	76 	1.09 	0.18
373 	
Dakota Mathias
	8 	123 	48 	19 	48 	39.6 	8 	26 	30.8 	2 	6 	33.3 	1 	6 	7 	13 	1 	3 	1 	7 	38 	13.00 	1.00
374 	
Al-Farouq Aminu
	9 	163 	47 	17 	43 	39.5 	6 	15 	40.0 	7 	9 	77.8 	9 	28 	37 	15 	8 	5 	10 	9 	74 	1.50 	0.80
374 	
Isaac Bonga
	22 	271 	47 	17 	45 	37.8 	10 	29 	34.5 	3 	4 	75.0 	9 	35 	44 	13 	6 	5 	9 	33 	77 	1.44 	0.67
374 	
Tony Bradley
	12 	127 	47 	22 	39 	56.4 	0 	1 	0.0 	3 	5 	60.0 	21 	29 	50 	6 	3 	7 	1 	11 	93 	6.00 	3.00
377 	
Miye Oni
	26 	206 	46 	14 	38 	36.8 	13 	33 	39.4 	5 	6 	83.3 	14 	32 	46 	6 	3 	4 	7 	29 	73 	0.86 	0.43
378 	
Patrick Patterson
	10 	130 	45 	16 	38 	42.1 	10 	28 	35.7 	3 	4 	75.0 	4 	16 	20 	5 	3 	1 	7 	13 	44 	0.71 	0.43
378 	
Taj Gibson
	12 	181 	45 	18 	31 	58.1 	2 	7 	28.6 	7 	12 	58.3 	18 	33 	51 	6 	5 	4 	7 	23 	86 	0.86 	0.71
380 	
Ed Davis
	19 	264 	43 	18 	43 	41.9 	0 	0 	0.0 	7 	8 	87.5 	38 	59 	97 	19 	10 	10 	6 	49 	147 	3.17 	1.67
380 	
Torrey Craig
	17 	194 	43 	17 	43 	39.5 	8 	21 	38.1 	1 	2 	50.0 	13 	29 	42 	13 	9 	6 	5 	23 	81 	2.60 	1.80
382 	
Alfonzo McKinnie
	18 	84 	42 	16 	30 	53.3 	5 	12 	41.7 	5 	8 	62.5 	7 	13 	20 	1 	2 	0 	1 	7 	47 	1.00 	2.00
382 	
Chasson Randle
	8 	151 	42 	15 	35 	42.9 	7 	23 	30.4 	5 	7 	71.4 	1 	14 	15 	23 	2 	1 	6 	18 	55 	3.83 	0.33
382 	
Josh Green
	17 	212 	42 	17 	36 	47.2 	2 	12 	16.7 	6 	11 	54.5 	12 	27 	39 	10 	4 	1 	11 	16 	61 	0.91 	0.36
382 	
Luka Samanic
	10 	100 	42 	15 	34 	44.1 	8 	20 	40.0 	4 	8 	50.0 	6 	22 	28 	1 	3 	2 	6 	10 	47 	0.17 	0.50
386 	
Justin Patton
	6 	128 	41 	16 	31 	51.6 	6 	17 	35.3 	3 	4 	75.0 	5 	19 	24 	5 	7 	10 	2 	19 	69 	2.50 	3.50
386 	
Kyle Guy
	14 	115 	41 	14 	44 	31.8 	6 	24 	25.0 	7 	8 	87.5 	3 	11 	14 	15 	4 	0 	3 	9 	40 	5.00 	1.33
388 	
D.J. Wilson
	11 	99 	40 	15 	41 	36.6 	9 	26 	34.6 	1 	2 	50.0 	3 	20 	23 	3 	1 	4 	4 	12 	40 	0.75 	0.25
388 	
Wes Iwundu
	20 	246 	40 	14 	47 	29.8 	3 	23 	13.0 	9 	11 	81.8 	5 	30 	35 	8 	7 	3 	5 	20 	53 	1.60 	1.40
390 	
CJ Elleby
	13 	105 	39 	14 	31 	45.2 	5 	19 	26.3 	6 	9 	66.7 	4 	10 	14 	3 	4 	3 	3 	18 	40 	1.00 	1.33
390 	
JaKarr Sampson
	15 	97 	39 	15 	32 	46.9 	1 	5 	20.0 	8 	10 	80.0 	8 	21 	29 	1 	2 	3 	6 	11 	49 	0.17 	0.33
392 	
KZ Okpala
	19 	199 	38 	14 	40 	35.0 	8 	24 	33.3 	2 	6 	33.3 	8 	21 	29 	7 	3 	4 	9 	24 	42 	0.78 	0.33
393 	
Chimezie Metu
	11 	71 	37 	15 	30 	50.0 	1 	3 	33.3 	6 	9 	66.7 	11 	12 	23 	5 	3 	6 	6 	10 	50 	0.83 	0.50
393 	
Ty Jerome
	4 	100 	37 	15 	30 	50.0 	7 	19 	36.8 	0 	0 	0.0 	3 	8 	11 	13 	3 	0 	2 	14 	47 	6.50 	1.50
395 	
Damian Jones
	17 	124 	34 	13 	21 	61.9 	0 	1 	0.0 	8 	13 	61.5 	9 	14 	23 	4 	1 	9 	6 	25 	52 	0.67 	0.17
395 	
Darius Miller
	12 	111 	34 	11 	24 	45.8 	9 	21 	42.9 	3 	3 	100 	1 	14 	15 	10 	5 	4 	5 	9 	50 	2.00 	1.00
395 	
Keita Bates-Diop
	14 	107 	34 	11 	31 	35.5 	5 	14 	35.7 	7 	8 	87.5 	5 	14 	19 	7 	6 	1 	1 	5 	45 	7.00 	6.00
398 	
Malachi Flynn
	15 	125 	33 	12 	45 	26.7 	5 	26 	19.2 	4 	6 	66.7 	1 	10 	11 	16 	4 	0 	4 	12 	25 	4.00 	1.00
398 	
Quinn Cook
	16 	62 	33 	12 	26 	46.2 	5 	13 	38.5 	4 	5 	80.0 	0 	5 	5 	5 	1 	1 	3 	2 	27 	1.67 	0.33
398 	
Tremont Waters
	10 	98 	33 	10 	31 	32.3 	6 	15 	40.0 	7 	8 	87.5 	2 	6 	8 	30 	6 	0 	13 	6 	42 	2.31 	0.46
401 	
Killian Hayes
	7 	148 	32 	13 	47 	27.7 	5 	20 	25.0 	1 	2 	50.0 	1 	7 	8 	25 	2 	0 	17 	15 	15 	1.47 	0.12
402 	
Bruno Fernando
	18 	151 	31 	11 	25 	44.0 	0 	2 	0.0 	9 	15 	60.0 	13 	47 	60 	9 	2 	2 	15 	17 	69 	0.60 	0.13
402 	
Sean McDermott
	8 	126 	31 	10 	23 	43.5 	5 	15 	33.3 	6 	6 	100 	4 	8 	12 	4 	1 	2 	4 	6 	33 	1.00 	0.25
404 	
Thon Maker
	8 	76 	30 	10 	18 	55.6 	0 	2 	0.0 	10 	11 	90.9 	8 	10 	18 	4 	2 	4 	3 	7 	46 	1.33 	0.67
404 	
Vlatko Cancar
	20 	122 	30 	11 	28 	39.3 	3 	14 	21.4 	5 	6 	83.3 	4 	23 	27 	6 	7 	2 	9 	11 	45 	0.67 	0.78
406 	
Nicolo Melli
	17 	186 	29 	9 	40 	22.5 	7 	33 	21.2 	4 	5 	80.0 	3 	35 	38 	16 	8 	1 	7 	22 	53 	2.29 	1.14
406 	
Paul Watson
	16 	74 	29 	10 	20 	50.0 	9 	17 	52.9 	0 	0 	0.0 	2 	12 	14 	2 	0 	2 	1 	9 	36 	2.00 	0.00
408 	
Bol Bol
	15 	84 	28 	11 	22 	50.0 	5 	10 	50.0 	1 	2 	50.0 	0 	11 	11 	4 	2 	5 	8 	9 	30 	0.50 	0.25
408 	
Nathan Knight
	10 	58 	28 	9 	23 	39.1 	3 	9 	33.3 	7 	8 	87.5 	8 	7 	15 	1 	2 	3 	5 	7 	29 	0.20 	0.40
410 	
Luke Kornet
	10 	83 	26 	9 	26 	34.6 	6 	22 	27.3 	2 	2 	100 	1 	14 	15 	4 	2 	6 	1 	1 	35 	4.00 	2.00
411 	
Frank Mason
	4 	79 	25 	9 	24 	37.5 	2 	5 	40.0 	5 	7 	71.4 	3 	9 	12 	12 	0 	0 	5 	7 	27 	2.40 	0.00
412 	
Tre Jones
	13 	44 	24 	9 	16 	56.3 	1 	1 	100 	5 	5 	100 	4 	0 	4 	3 	0 	0 	4 	4 	20 	0.75 	0.00
413 	
Chris Silva
	6 	53 	23 	6 	9 	66.7 	1 	1 	100 	10 	12 	83.3 	7 	11 	18 	6 	1 	2 	8 	14 	37 	0.75 	0.13
413 	
Dante Exum
	6 	116 	23 	10 	26 	38.5 	2 	11 	18.2 	1 	2 	50.0 	2 	15 	17 	13 	4 	2 	7 	9 	35 	1.86 	0.57
413 	
Kenyon Martin Jr.
	7 	69 	23 	10 	27 	37.0 	1 	4 	25.0 	2 	5 	40.0 	8 	11 	19 	4 	2 	5 	5 	9 	28 	0.80 	0.40
416 	
Justin James
	13 	69 	22 	9 	23 	39.1 	2 	9 	22.2 	2 	8 	25.0 	3 	6 	9 	5 	3 	1 	2 	3 	18 	2.50 	1.50
417 	
Moses Brown
	7 	31 	21 	7 	10 	70.0 	0 	0 	0.0 	7 	14 	50.0 	4 	11 	15 	3 	1 	4 	1 	4 	33 	3.00 	1.00
417 	
Tacko Fall
	8 	57 	21 	9 	13 	69.2 	0 	0 	0.0 	3 	8 	37.5 	8 	13 	21 	1 	0 	10 	1 	10 	43 	1.00 	0.00
419 	
Daniel Oturu
	10 	42 	20 	9 	15 	60.0 	0 	1 	0.0 	2 	2 	100 	5 	9 	14 	4 	0 	3 	2 	6 	33 	2.00 	0.00
419 	
Mfiondu Kabengele
	20 	81 	20 	7 	26 	26.9 	3 	15 	20.0 	3 	4 	75.0 	1 	10 	11 	5 	2 	3 	5 	14 	16 	1.00 	0.40
419 	
Spencer Dinwiddie
	3 	64 	20 	6 	16 	37.5 	2 	7 	28.6 	6 	6 	100 	0 	13 	13 	9 	2 	1 	5 	4 	30 	1.80 	0.40
422 	
Kevin Love
	2 	46 	19 	6 	18 	33.3 	3 	9 	33.3 	4 	5 	80.0 	2 	10 	12 	5 	1 	0 	3 	1 	21 	1.67 	0.33
422 	
Sam Merrill
	13 	77 	19 	6 	17 	35.3 	5 	11 	45.5 	2 	2 	100 	4 	10 	14 	11 	2 	0 	3 	6 	32 	3.67 	0.67
422 	
Yogi Ferrell
	2 	41 	19 	8 	21 	38.1 	3 	9 	33.3 	0 	2 	0.0 	3 	4 	7 	5 	3 	1 	3 	4 	17 	1.67 	1.00
425 	
Kelan Martin
	12 	48 	18 	7 	20 	35.0 	2 	9 	22.2 	2 	2 	100 	1 	11 	12 	0 	3 	0 	4 	5 	16 	0.00 	0.75
425 	
Nico Mannion
	7 	67 	18 	6 	23 	26.1 	5 	14 	35.7 	1 	4 	25.0 	0 	12 	12 	18 	3 	0 	7 	8 	24 	2.57 	0.43
425 	
Paul Reed
	5 	55 	18 	9 	22 	40.9 	0 	3 	0.0 	0 	0 	0.0 	7 	3 	10 	3 	1 	4 	5 	4 	18 	0.60 	0.20
428 	
Bruno Caboclo
	6 	36 	17 	8 	17 	47.1 	0 	5 	0.0 	1 	2 	50.0 	3 	11 	14 	1 	0 	2 	4 	6 	20 	0.25 	0.00
428 	
Shaquille Harrison
	17 	56 	17 	6 	20 	30.0 	0 	2 	0.0 	5 	6 	83.3 	3 	6 	9 	9 	2 	0 	5 	3 	17 	1.80 	0.40
430 	
Elijah Hughes
	6 	27 	16 	5 	15 	33.3 	3 	10 	30.0 	3 	4 	75.0 	0 	4 	4 	3 	1 	1 	4 	0 	10 	0.75 	0.25
430 	
Frank Jackson
	9 	54 	16 	6 	22 	27.3 	4 	13 	30.8 	0 	0 	0.0 	0 	8 	8 	10 	1 	0 	4 	5 	15 	2.50 	0.25
430 	
Jalen Smith
	11 	57 	16 	7 	19 	36.8 	2 	8 	25.0 	0 	2 	0.0 	5 	6 	11 	2 	0 	2 	1 	4 	16 	2.00 	0.00
430 	
Juwan Morgan
	15 	71 	16 	6 	14 	42.9 	3 	10 	30.0 	1 	5 	20.0 	4 	10 	14 	4 	3 	0 	2 	12 	23 	2.00 	1.50
430 	
Markus Howard
	17 	55 	16 	6 	31 	19.4 	3 	22 	13.6 	1 	2 	50.0 	0 	5 	5 	6 	2 	0 	4 	7 	-1 	1.50 	0.50
430 	
Rodions Kurucs
	16 	91 	16 	6 	24 	25.0 	3 	17 	17.6 	1 	2 	50.0 	2 	12 	14 	6 	6 	4 	9 	8 	18 	0.67 	0.67
436 	
Sindarius Thornwell
	11 	53 	15 	6 	13 	46.2 	3 	6 	50.0 	0 	2 	0.0 	1 	2 	3 	2 	4 	0 	2 	3 	13 	1.00 	2.00
437 	
Cassius Winston
	6 	44 	13 	4 	10 	40.0 	3 	7 	42.9 	2 	2 	100 	0 	4 	4 	6 	0 	1 	1 	4 	17 	6.00 	0.00
437 	
Chandler Hutchison
	7 	64 	13 	5 	18 	27.8 	1 	3 	33.3 	2 	2 	100 	1 	19 	20 	4 	1 	0 	5 	9 	20 	0.80 	0.20
437 	
Marquese Chriss
	2 	27 	13 	5 	14 	35.7 	1 	5 	20.0 	2 	4 	50.0 	3 	10 	13 	2 	0 	2 	2 	3 	17 	1.00 	0.00
437 	
Robert Woodard II
	6 	17 	13 	6 	11 	54.5 	1 	3 	33.3 	0 	2 	0.0 	3 	5 	8 	0 	0 	0 	1 	0 	13 	0.00 	0.00
441 	
Josh Hall
	7 	51 	12 	4 	18 	22.2 	1 	8 	12.5 	3 	7 	42.9 	1 	8 	9 	7 	0 	0 	4 	7 	6 	1.75 	0.00
441 	
Maurice Harkless
	10 	109 	12 	4 	10 	40.0 	4 	8 	50.0 	0 	2 	0.0 	1 	8 	9 	7 	2 	3 	2 	12 	23 	3.50 	1.00
441 	
Udoka Azubuike
	12 	49 	12 	4 	7 	57.1 	0 	0 	0.0 	4 	6 	66.7 	4 	9 	13 	0 	1 	4 	3 	8 	22 	0.00 	0.33
444 	
Adam Mokoka
	7 	42 	11 	5 	14 	35.7 	1 	8 	12.5 	0 	0 	0.0 	1 	3 	4 	4 	2 	1 	2 	5 	11 	2.00 	1.00
444 	
Cristiano Felicio
	6 	38 	11 	3 	4 	75.0 	0 	0 	0.0 	5 	8 	62.5 	6 	6 	12 	5 	2 	0 	3 	3 	23 	1.67 	0.67
444 	
Jarrell Brantley
	10 	28 	11 	4 	10 	40.0 	3 	7 	42.9 	0 	0 	0.0 	2 	5 	7 	0 	1 	1 	1 	4 	13 	0.00 	1.00
444 	
Nick Richards
	8 	23 	11 	3 	6 	50.0 	0 	0 	0.0 	5 	6 	83.3 	2 	4 	6 	0 	0 	0 	1 	4 	12 	0.00 	0.00
444 	
Tyrell Terry
	11 	56 	11 	5 	16 	31.3 	0 	7 	0.0 	1 	3 	33.3 	0 	6 	6 	6 	5 	0 	2 	2 	13 	3.00 	2.50
449 	
Anthony Gill
	12 	67 	10 	3 	10 	30.0 	1 	7 	14.3 	3 	4 	75.0 	3 	16 	19 	4 	3 	2 	3 	3 	27 	1.33 	1.00
449 	
Brodric Thomas
	4 	24 	10 	2 	7 	28.6 	1 	6 	16.7 	5 	7 	71.4 	1 	3 	4 	4 	1 	1 	4 	5 	9 	1.00 	0.25
449 	
Jordan Bell
	3 	50 	10 	5 	15 	33.3 	0 	2 	0.0 	0 	0 	0.0 	5 	11 	16 	5 	1 	3 	3 	4 	22 	1.67 	0.33
449 	
Meyers Leonard
	3 	29 	10 	3 	7 	42.9 	3 	7 	42.9 	1 	2 	50.0 	0 	7 	7 	2 	0 	0 	2 	5 	12 	1.00 	0.00
453 	
Cassius Stanley
	8 	23 	9 	2 	7 	28.6 	1 	2 	50.0 	4 	5 	80.0 	2 	1 	3 	0 	0 	2 	1 	7 	7 	0.00 	0.00
453 	
Norvel Pelle
	4 	32 	9 	3 	8 	37.5 	0 	0 	0.0 	3 	4 	75.0 	4 	4 	8 	1 	0 	3 	3 	10 	12 	0.33 	0.00
455 	
Devontae Cacok
	4 	17 	8 	4 	4 	100 	0 	0 	0.0 	0 	2 	0.0 	1 	4 	5 	0 	2 	0 	2 	0 	11 	0.00 	1.00
455 	
Jabari Parker
	2 	25 	8 	4 	7 	57.1 	0 	1 	0.0 	0 	0 	0.0 	1 	5 	6 	1 	0 	1 	3 	4 	10 	0.33 	0.00
455 	
Nate Hinton
	6 	19 	8 	3 	13 	23.1 	1 	5 	20.0 	1 	2 	50.0 	0 	0 	0 	0 	1 	1 	2 	1 	-3 	0.00 	0.50
458 	
Karim Mane
	6 	56 	7 	1 	9 	11.1 	1 	2 	50.0 	4 	4 	100 	0 	10 	10 	1 	0 	1 	3 	3 	8 	0.33 	0.00
458 	
Marques Bolden
	6 	29 	7 	1 	3 	33.3 	0 	0 	0.0 	5 	8 	62.5 	3 	3 	6 	0 	2 	2 	2 	0 	10 	0.00 	1.00
460 	
Andre Roberson
	5 	63 	6 	2 	14 	14.3 	1 	8 	12.5 	1 	2 	50.0 	7 	8 	15 	4 	3 	1 	2 	4 	14 	2.00 	1.50
460 	
Jared Dudley
	11 	76 	6 	2 	7 	28.6 	2 	5 	40.0 	0 	0 	0.0 	4 	15 	19 	5 	1 	1 	2 	7 	25 	2.50 	0.50
460 	
Tyler Bey
	4 	13 	6 	2 	5 	40.0 	0 	0 	0.0 	2 	4 	50.0 	2 	1 	3 	0 	0 	1 	0 	2 	5 	0.00 	0.00
463 	
Jahmi'us Ramsey
	4 	16 	5 	2 	4 	50.0 	1 	3 	33.3 	0 	0 	0.0 	0 	4 	4 	1 	0 	1 	1 	0 	8 	1.00 	0.00
463 	
Jalen Lecque
	3 	9 	5 	1 	4 	25.0 	0 	1 	0.0 	3 	3 	100 	1 	3 	4 	2 	0 	0 	0 	0 	8 	0.00 	0.00
465 	
Devon Dotson
	1 	10 	4 	2 	4 	50.0 	0 	0 	0.0 	0 	0 	0.0 	0 	1 	1 	0 	0 	0 	0 	1 	3 	0.00 	0.00
465 	
Keljin Blevins
	9 	47 	4 	2 	11 	18.2 	0 	4 	0.0 	0 	0 	0.0 	0 	2 	2 	4 	2 	0 	3 	4 	0 	1.33 	0.67
465 	
Quinndary Weatherspoon
	5 	24 	4 	1 	5 	20.0 	0 	1 	0.0 	2 	2 	100 	0 	2 	2 	3 	1 	0 	6 	7 	0 	0.50 	0.17
465 	
Ray Spalding
	2 	19 	4 	2 	4 	50.0 	0 	1 	0.0 	0 	2 	0.0 	2 	2 	4 	0 	0 	2 	3 	3 	3 	0.00 	0.00
465 	
Tim Frazier
	3 	33 	4 	2 	8 	25.0 	0 	2 	0.0 	0 	0 	0.0 	0 	4 	4 	7 	1 	0 	3 	4 	7 	2.33 	0.33
465 	
Vincent Poirier
	6 	22 	4 	1 	4 	25.0 	0 	0 	0.0 	2 	4 	50.0 	2 	2 	4 	1 	0 	2 	2 	2 	4 	0.50 	0.00
471 	
Brian Bowen II
	1 	5 	3 	1 	2 	50.0 	0 	0 	0.0 	1 	1 	100 	0 	1 	1 	0 	0 	0 	0 	0 	3 	0.00 	0.00
471 	
Killian Tillie
	2 	21 	3 	1 	4 	25.0 	1 	2 	50.0 	0 	0 	0.0 	1 	1 	2 	0 	1 	0 	1 	5 	2 	0.00 	1.00
471 	
Kostas Antetokounmpo
	3 	19 	3 	1 	3 	33.3 	0 	0 	0.0 	1 	2 	50.0 	2 	6 	8 	0 	1 	2 	5 	3 	6 	0.00 	0.20
471 	
Vernon Carey Jr.
	3 	6 	3 	1 	3 	33.3 	0 	1 	0.0 	1 	2 	50.0 	2 	1 	3 	1 	0 	1 	0 	0 	5 	0.00 	0.00
475 	
Ignas Brazdeikis
	4 	7 	2 	0 	1 	0.0 	0 	0 	0.0 	2 	2 	100 	1 	1 	2 	1 	0 	0 	1 	0 	3 	1.00 	0.00
475 	
Iman Shumpert
	2 	11 	2 	1 	4 	25.0 	0 	3 	0.0 	0 	0 	0.0 	1 	0 	1 	0 	1 	0 	1 	0 	0 	0.00 	1.00
475 	
Jared Harper
	2 	5 	2 	0 	1 	0.0 	0 	0 	0.0 	2 	2 	100 	0 	0 	0 	0 	0 	0 	2 	0 	-1 	0.00 	0.00
475 	
Jaylen Adams
	7 	18 	2 	1 	8 	12.5 	0 	2 	0.0 	0 	0 	0.0 	0 	3 	3 	2 	0 	0 	0 	1 	0 	0.00 	0.00
475 	
Terrance Ferguson
	9 	34 	2 	1 	5 	20.0 	0 	3 	0.0 	0 	0 	0.0 	0 	1 	1 	2 	0 	0 	3 	5 	-2 	0.67 	0.00
475 	
Theo Pinson
	11 	25 	2 	1 	7 	14.3 	0 	6 	0.0 	0 	0 	0.0 	0 	1 	1 	1 	0 	0 	0 	3 	-2 	0.00 	0.00
475 	
Trent Forrest
	7 	20 	2 	0 	3 	0.0 	0 	2 	0.0 	2 	2 	100 	0 	2 	2 	4 	2 	0 	1 	2 	6 	4.00 	2.00
475 	
Tyler Cook
	4 	17 	2 	1 	3 	33.3 	0 	0 	0.0 	0 	0 	0.0 	1 	1 	2 	2 	0 	0 	1 	2 	3 	2.00 	0.00
483 	
Deividas Sirvydis
	5 	8 	1 	0 	3 	0.0 	0 	3 	0.0 	1 	2 	50.0 	0 	1 	1 	1 	0 	0 	0 	1 	-1 	0.00 	0.00
483 	
Naji Marshall
	3 	8 	1 	0 	2 	0.0 	0 	1 	0.0 	1 	2 	50.0 	0 	2 	2 	1 	0 	0 	0 	0 	1 	0.00 	0.00
485 	
Anzejs Pasecniks
	1 	6 	0 	0 	1 	0.0 	0 	1 	0.0 	0 	0 	0.0 	1 	0 	1 	1 	0 	0 	5 	2 	-4 	0.20 	0.00
485 	
Ashton Hagans
	2 	4 	0 	0 	0 	0.0 	0 	0 	0.0 	0 	0 	0.0 	0 	0 	0 	0 	0 	0 	1 	0 	-1 	0.00 	0.00
485 	
Greg Whittington
	2 	8 	0 	0 	2 	0.0 	0 	2 	0.0 	0 	0 	0.0 	0 	0 	0 	0 	0 	0 	0 	0 	-2 	0.00 	0.00
485 	
Jalen Harris
	2 	4 	0 	0 	0 	0.0 	0 	0 	0.0 	0 	0 	0.0 	1 	0 	1 	0 	0 	0 	1 	2 	0 	0.00 	0.00
485 	
Noah Vonleh
	4 	11 	0 	0 	3 	0.0 	0 	2 	0.0 	0 	0 	0.0 	0 	1 	1 	1 	0 	0 	2 	2 	-3 	0.50 	0.00
485 	
Patrick McCaw
	3 	20 	0 	0 	0 	0.0 	0 	0 	0.0 	0 	0 	0.0 	1 	0 	1 	4 	0 	0 	0 	3 	5 	0.00 	0.00
485 	
Ty-Shon Alexander
	3 	8 	0 	0 	3 	0.0 	0 	1 	0.0 	0 	0 	0.0 	0 	1 	1 	1 	0 	0 	0 	1 	-1 	0.00 	0.00
485 	
Wenyen Gabriel
	4 	12 	0 	0 	3 	0.0 	0 	1 	0.0 	0 	0 	0.0 	1 	4 	5 	1 	0 	0 	0 	0 	3 	0.00 	0.00
